Welcome to Classical classification!
The working dir is: /home/aljaafn/Desktop/Sorted_images_family_level_with_aug_top31
The data has been divided with for 0.80 percent for training and 0.20 percent for testing

========================================================


KNeighborsClassifier(algorithm='auto', leaf_size=30, metric='minkowski',
           metric_params=None, n_jobs=1, n_neighbors=3, p=2,
           weights='uniform')Classifier score             precision    recall  f1-score   support

          1       0.04      0.09      0.06       639
          2       0.01      0.02      0.01       152
          3       0.03      0.07      0.05       144
          4       0.04      0.08      0.05       215
          5       0.02      0.20      0.04       221
          6       0.30      0.49      0.37      4958
          7       0.09      0.09      0.09      1057
          8       0.12      0.10      0.11      1607
          9       0.07      0.04      0.05       280
         10       0.04      0.02      0.03       282
         11       0.03      0.03      0.03       190
         12       0.09      0.06      0.07       183
         13       0.00      0.00      0.00       169
         14       0.04      0.03      0.03       149
         15       0.02      0.01      0.01       346
         16       0.05      0.02      0.02       484
         17       0.06      0.02      0.03       251
         18       0.07      0.02      0.03       350
         19       0.11      0.02      0.03       150
         20       0.00      0.00      0.00       120
         21       0.12      0.04      0.06      1078
         22       0.03      0.01      0.01       349
         23       0.00      0.00      0.00       126
         24       0.00      0.00      0.00       123
         25       0.08      0.01      0.02       294
         26       0.14      0.04      0.06       994
         27       0.15      0.05      0.08      1700
         28       0.00      0.00      0.00       213
         29       0.00      0.00      0.00       111
         30       0.06      0.01      0.01       546
         31       0.40      0.02      0.03       123

avg / total       0.15      0.17      0.14     17604
Confusion Matix: 
[[  60    6    7   22  101  243   51   54    6    4    2    5    3    3
     8    5    4    3    0    1   12    3    0    0    0   14   20    0
     0    2    0]
 [   5    3    3    6   12   64   10   16    1    2    1    5    3    2
     0    1    0    0    0    0    5    1    1    1    1    1    7    0
     0    1    0]
 [  18    5   10    3   20   51    6   13    7    0    0    0    1    0
     0    1    1    0    1    1    1    0    1    0    0    0    4    0
     0    0    0]
 [  12    2    1   18   34   93   12   11    0    3    0    0    4    4
     1    3    1    0    0    0    7    2    0    0    1    3    3    0
     0    0    0]
 [  19    5    2    9   44   76    6   17    6    1    3    1    2    1
     3    2    0    1    0    0    4    2    0    0    1    7    9    0
     0    0    0]
 [ 419   73   70   93  499 2408  253  420   43   42   37   30   22   26
    41   48   22   26    4   15  108   17    3    5   17   54  147    4
     1   10    1]
 [  79   18   17   25   84  480   91   81    7   12    6    9    2    5
     9    8    4    8    2    1   48    2    2    1    2   17   33    0
     1    2    1]
 [ 134   29   20   28  133  754   95  164   13   21   11    7    8    9
    17   13    5    6    1    1   41    7    2    0    1   21   57    1
     1    6    1]
 [  31    2    5   12   29  108   15   19   12    1    2    2    5    2
     3    3    3    1    0    0    9    2    0    0    0    3   11    0
     0    0    0]
 [  25   10    5    8   20  124   16   19    6    7    4    1    2    3
     2    4    3    2    1    0    5    1    0    0    1    8    4    0
     0    1    0]
 [  17    3    3    7   35   69   10   10    3    0    5    1    2    4
     0    2    3    0    0    0    2    3    0    1    0    3    6    1
     0    0    0]
 [   9    6    3    4   23   79    5   12    2    1    1   11    1    2
     3    1    0    0    0    0    1    2    0    0    0    4   11    0
     0    2    0]
 [  11    8    8    6   27   65    6   14    1    2    0    1    0    2
     2    2    0    0    0    1    5    0    0    1    0    1    6    0
     0    0    0]
 [  12    1    2    4   24   67    7    7    1    0    5    1    0    4
     0    1    1    0    1    0    2    2    0    0    0    3    2    1
     0    1    0]
 [  29   10    8   11   20  166   14   28    2    3    3    2    3    2
     3    7    2    4    0    2    5    0    1    0    1    6   11    0
     0    3    0]
 [  41    5    5    9   84  188   30   44    5    4    1    3    2    3
     4    8    3    6    1    1    7    0    1    0    0    4   22    1
     1    1    0]
 [  27    8    4   10   34   83   17   28    2    6    2    3    0    1
     1    5    6    1    0    2    1    1    0    0    0    6    2    0
     0    1    0]
 [  29    4    4   10   58  135   24   22    4    5    7    1    2    0
     4    4    1    7    2    3    6    0    1    1    0    5   10    1
     0    0    0]
 [  17    1    2    2   42   48   12    9    1    1    1    0    1    1
     1    1    0    0    3    0    2    0    0    0    0    1    4    0
     0    0    0]
 [   8    2    3    3   27   44    8   10    2    0    1    0    0    0
     1    2    2    0    0    0    2    0    1    0    0    1    3    0
     0    0    0]
 [  86   13   25   29  101  497   77   74   12    8   10    6    2    2
     8    8    5    8    2    4   48    2    0    1    1   13   31    2
     1    2    0]
 [  34   10    8   10   46  128   21   29    1    7    3    4    0    1
     8    4    2    4    1    1    5    2    0    0    0    7   12    0
     0    1    0]
 [   8    6    5    2   11   60    9    9    1    1    1    0    3    2
     1    1    2    0    0    0    2    0    0    0    0    0    2    0
     0    0    0]
 [  10    3    2    3   13   61    7    7    1    2    3    0    2    0
     0    0    1    1    0    1    2    0    0    0    0    2    2    0
     0    0    0]
 [  19    5    6    9   29  138   16   19    3    2    6    4    1    0
     0    4    2    2    0    3    6    0    2    1    3    5    9    0
     0    0    0]
 [  85   15   17   28   70  445   70   78   10   14   14    6    3    5
     5    8    7    9    1    1   19    2    1    1    5   35   35    2
     0    3    0]
 [ 154   23   30   47  154  751  108  140   17   18    6   12    9    9
    14   20   13    6    3    4   37    6    1    0    3   18   86    4
     0    7    0]
 [  23    3    2    8   21  103   11    8    2    0    2    0    2    2
     1    1    0    3    2    1    6    1    0    0    0    4    6    0
     0    1    0]
 [  13    2    5    5   13   45    6   11    0    0    0    0    0    0
     2    2    0    0    0    0    2    0    2    0    0    0    3    0
     0    0    0]
 [  51    8   12   10   42  252   43   31    5    6    7    1    4    5
     8    6    1    3    2    0   13    3    0    1    1    9   19    0
     0    3    0]
 [   9    2    0    4    6   71    4   12    2    3    0    0    1    0
     0    2    1    0    0    0    0    0    0    0    1    0    3    0
     0    0    2]]
Accuracy: 0.181 (0.011)

========================================================


SVC(C=0.025, cache_size=200, class_weight=None, coef0=0.0,
  decision_function_shape=None, degree=3, gamma='auto', kernel='linear',
  max_iter=-1, probability=False, random_state=None, shrinking=True,
  tol=0.001, verbose=False)Classifier score             precision    recall  f1-score   support

          1       0.00      0.00      0.00       639
          2       0.00      0.00      0.00       152
          3       0.00      0.00      0.00       144
          4       0.00      0.00      0.00       215
          5       0.00      0.00      0.00       221
          6       0.28      1.00      0.44      4958
          7       0.00      0.00      0.00      1057
          8       0.00      0.00      0.00      1607
          9       0.00      0.00      0.00       280
         10       0.00      0.00      0.00       282
         11       0.00      0.00      0.00       190
         12       0.00      0.00      0.00       183
         13       0.00      0.00      0.00       169
         14       0.00      0.00      0.00       149
         15       0.00      0.00      0.00       346
         16       0.00      0.00      0.00       484
         17       0.00      0.00      0.00       251
         18       0.00      0.00      0.00       350
         19       0.00      0.00      0.00       150
         20       0.00      0.00      0.00       120
         21       0.00      0.00      0.00      1078
         22       0.00      0.00      0.00       349
         23       0.00      0.00      0.00       126
         24       0.00      0.00      0.00       123
         25       0.00      0.00      0.00       294
         26       0.00      0.00      0.00       994
         27       0.00      0.00      0.00      1700
         28       0.00      0.00      0.00       213
         29       0.00      0.00      0.00       111
         30       0.00      0.00      0.00       546
         31       0.00      0.00      0.00       123

avg / total       0.08      0.28      0.12     17604
Confusion Matix: 
[[   0    0    0    0    0  639    0    0    0    0    0    0    0    0
     0    0    0    0    0    0    0    0    0    0    0    0    0    0
     0    0    0]
 [   0    0    0    0    0  152    0    0    0    0    0    0    0    0
     0    0    0    0    0    0    0    0    0    0    0    0    0    0
     0    0    0]
 [   0    0    0    0    0  144    0    0    0    0    0    0    0    0
     0    0    0    0    0    0    0    0    0    0    0    0    0    0
     0    0    0]
 [   0    0    0    0    0  215    0    0    0    0    0    0    0    0
     0    0    0    0    0    0    0    0    0    0    0    0    0    0
     0    0    0]
 [   0    0    0    0    0  221    0    0    0    0    0    0    0    0
     0    0    0    0    0    0    0    0    0    0    0    0    0    0
     0    0    0]
 [   0    0    0    0    0 4958    0    0    0    0    0    0    0    0
     0    0    0    0    0    0    0    0    0    0    0    0    0    0
     0    0    0]
 [   0    0    0    0    0 1057    0    0    0    0    0    0    0    0
     0    0    0    0    0    0    0    0    0    0    0    0    0    0
     0    0    0]
 [   0    0    0    0    0 1607    0    0    0    0    0    0    0    0
     0    0    0    0    0    0    0    0    0    0    0    0    0    0
     0    0    0]
 [   0    0    0    0    0  280    0    0    0    0    0    0    0    0
     0    0    0    0    0    0    0    0    0    0    0    0    0    0
     0    0    0]
 [   0    0    0    0    0  282    0    0    0    0    0    0    0    0
     0    0    0    0    0    0    0    0    0    0    0    0    0    0
     0    0    0]
 [   0    0    0    0    0  190    0    0    0    0    0    0    0    0
     0    0    0    0    0    0    0    0    0    0    0    0    0    0
     0    0    0]
 [   0    0    0    0    0  183    0    0    0    0    0    0    0    0
     0    0    0    0    0    0    0    0    0    0    0    0    0    0
     0    0    0]
 [   0    0    0    0    0  169    0    0    0    0    0    0    0    0
     0    0    0    0    0    0    0    0    0    0    0    0    0    0
     0    0    0]
 [   0    0    0    0    0  149    0    0    0    0    0    0    0    0
     0    0    0    0    0    0    0    0    0    0    0    0    0    0
     0    0    0]
 [   0    0    0    0    0  346    0    0    0    0    0    0    0    0
     0    0    0    0    0    0    0    0    0    0    0    0    0    0
     0    0    0]
 [   0    0    0    0    0  484    0    0    0    0    0    0    0    0
     0    0    0    0    0    0    0    0    0    0    0    0    0    0
     0    0    0]
 [   0    0    0    0    0  251    0    0    0    0    0    0    0    0
     0    0    0    0    0    0    0    0    0    0    0    0    0    0
     0    0    0]
 [   0    0    0    0    0  350    0    0    0    0    0    0    0    0
     0    0    0    0    0    0    0    0    0    0    0    0    0    0
     0    0    0]
 [   0    0    0    0    0  150    0    0    0    0    0    0    0    0
     0    0    0    0    0    0    0    0    0    0    0    0    0    0
     0    0    0]
 [   0    0    0    0    0  120    0    0    0    0    0    0    0    0
     0    0    0    0    0    0    0    0    0    0    0    0    0    0
     0    0    0]
 [   0    0    0    0    0 1078    0    0    0    0    0    0    0    0
     0    0    0    0    0    0    0    0    0    0    0    0    0    0
     0    0    0]
 [   0    0    0    0    0  349    0    0    0    0    0    0    0    0
     0    0    0    0    0    0    0    0    0    0    0    0    0    0
     0    0    0]
 [   0    0    0    0    0  126    0    0    0    0    0    0    0    0
     0    0    0    0    0    0    0    0    0    0    0    0    0    0
     0    0    0]
 [   0    0    0    0    0  123    0    0    0    0    0    0    0    0
     0    0    0    0    0    0    0    0    0    0    0    0    0    0
     0    0    0]
 [   0    0    0    0    0  294    0    0    0    0    0    0    0    0
     0    0    0    0    0    0    0    0    0    0    0    0    0    0
     0    0    0]
 [   0    0    0    0    0  994    0    0    0    0    0    0    0    0
     0    0    0    0    0    0    0    0    0    0    0    0    0    0
     0    0    0]
 [   0    0    0    0    0 1700    0    0    0    0    0    0    0    0
     0    0    0    0    0    0    0    0    0    0    0    0    0    0
     0    0    0]
 [   0    0    0    0    0  213    0    0    0    0    0    0    0    0
     0    0    0    0    0    0    0    0    0    0    0    0    0    0
     0    0    0]
 [   0    0    0    0    0  111    0    0    0    0    0    0    0    0
     0    0    0    0    0    0    0    0    0    0    0    0    0    0
     0    0    0]
 [   0    0    0    0    0  546    0    0    0    0    0    0    0    0
     0    0    0    0    0    0    0    0    0    0    0    0    0    0
     0    0    0]
 [   0    0    0    0    0  123    0    0    0    0    0    0    0    0
     0    0    0    0    0    0    0    0    0    0    0    0    0    0
     0    0    0]]
Accuracy: 0.282 (0.001)

========================================================


SVC(C=1, cache_size=200, class_weight=None, coef0=0.0,
  decision_function_shape=None, degree=3, gamma=2, kernel='rbf',
  max_iter=-1, probability=False, random_state=None, shrinking=True,
  tol=0.001, verbose=False)Classifier score             precision    recall  f1-score   support

          1       0.00      0.00      0.00       639
          2       0.00      0.00      0.00       152
          3       0.00      0.00      0.00       144
          4       0.00      0.00      0.00       215
          5       0.00      0.00      0.00       221
          6       0.28      1.00      0.44      4958
          7       0.00      0.00      0.00      1057
          8       0.35      0.00      0.01      1607
          9       0.00      0.00      0.00       280
         10       0.00      0.00      0.00       282
         11       0.00      0.00      0.00       190
         12       0.00      0.00      0.00       183
         13       0.00      0.00      0.00       169
         14       0.00      0.00      0.00       149
         15       0.00      0.00      0.00       346
         16       0.00      0.00      0.00       484
         17       0.00      0.00      0.00       251
         18       0.00      0.00      0.00       350
         19       0.00      0.00      0.00       150
         20       0.00      0.00      0.00       120
         21       0.61      0.01      0.03      1078
         22       0.00      0.00      0.00       349
         23       0.00      0.00      0.00       126
         24       0.00      0.00      0.00       123
         25       0.00      0.00      0.00       294
         26       0.00      0.00      0.00       994
         27       0.00      0.00      0.00      1700
         28       0.00      0.00      0.00       213
         29       0.00      0.00      0.00       111
         30       0.00      0.00      0.00       546
         31       0.00      0.00      0.00       123

avg / total       0.15      0.28      0.13     17604
Confusion Matix: 
[[   0    0    0    0    0  639    0    0    0    0    0    0    0    0
     0    0    0    0    0    0    0    0    0    0    0    0    0    0
     0    0    0]
 [   0    0    0    0    0  152    0    0    0    0    0    0    0    0
     0    0    0    0    0    0    0    0    0    0    0    0    0    0
     0    0    0]
 [   0    0    0    0    0  144    0    0    0    0    0    0    0    0
     0    0    0    0    0    0    0    0    0    0    0    0    0    0
     0    0    0]
 [   0    0    0    0    0  214    0    1    0    0    0    0    0    0
     0    0    0    0    0    0    0    0    0    0    0    0    0    0
     0    0    0]
 [   0    0    0    0    0  221    0    0    0    0    0    0    0    0
     0    0    0    0    0    0    0    0    0    0    0    0    0    0
     0    0    0]
 [   0    0    0    0    0 4953    0    2    0    0    0    0    0    0
     0    0    0    0    0    0    3    0    0    0    0    0    0    0
     0    0    0]
 [   0    0    0    0    0 1057    0    0    0    0    0    0    0    0
     0    0    0    0    0    0    0    0    0    0    0    0    0    0
     0    0    0]
 [   0    0    0    0    0 1600    0    6    0    0    0    0    0    0
     0    0    0    0    0    0    1    0    0    0    0    0    0    0
     0    0    0]
 [   0    0    0    0    0  280    0    0    0    0    0    0    0    0
     0    0    0    0    0    0    0    0    0    0    0    0    0    0
     0    0    0]
 [   0    0    0    0    0  282    0    0    0    0    0    0    0    0
     0    0    0    0    0    0    0    0    0    0    0    0    0    0
     0    0    0]
 [   0    0    0    0    0  190    0    0    0    0    0    0    0    0
     0    0    0    0    0    0    0    0    0    0    0    0    0    0
     0    0    0]
 [   0    0    0    0    0  183    0    0    0    0    0    0    0    0
     0    0    0    0    0    0    0    0    0    0    0    0    0    0
     0    0    0]
 [   0    0    0    0    0  168    0    0    0    0    0    0    0    0
     0    0    0    0    0    0    1    0    0    0    0    0    0    0
     0    0    0]
 [   0    0    0    0    0  149    0    0    0    0    0    0    0    0
     0    0    0    0    0    0    0    0    0    0    0    0    0    0
     0    0    0]
 [   0    0    0    0    0  345    0    1    0    0    0    0    0    0
     0    0    0    0    0    0    0    0    0    0    0    0    0    0
     0    0    0]
 [   0    0    0    0    0  483    0    1    0    0    0    0    0    0
     0    0    0    0    0    0    0    0    0    0    0    0    0    0
     0    0    0]
 [   0    0    0    0    0  251    0    0    0    0    0    0    0    0
     0    0    0    0    0    0    0    0    0    0    0    0    0    0
     0    0    0]
 [   0    0    0    0    0  348    0    2    0    0    0    0    0    0
     0    0    0    0    0    0    0    0    0    0    0    0    0    0
     0    0    0]
 [   0    0    0    0    0  149    0    1    0    0    0    0    0    0
     0    0    0    0    0    0    0    0    0    0    0    0    0    0
     0    0    0]
 [   0    0    0    0    0  120    0    0    0    0    0    0    0    0
     0    0    0    0    0    0    0    0    0    0    0    0    0    0
     0    0    0]
 [   0    0    0    0    0 1063    0    1    0    0    0    0    0    0
     0    0    0    0    0    0   14    0    0    0    0    0    0    0
     0    0    0]
 [   0    0    0    0    0  349    0    0    0    0    0    0    0    0
     0    0    0    0    0    0    0    0    0    0    0    0    0    0
     0    0    0]
 [   0    0    0    0    0  125    0    1    0    0    0    0    0    0
     0    0    0    0    0    0    0    0    0    0    0    0    0    0
     0    0    0]
 [   0    0    0    0    0  123    0    0    0    0    0    0    0    0
     0    0    0    0    0    0    0    0    0    0    0    0    0    0
     0    0    0]
 [   0    0    0    0    0  294    0    0    0    0    0    0    0    0
     0    0    0    0    0    0    0    0    0    0    0    0    0    0
     0    0    0]
 [   0    0    0    0    0  994    0    0    0    0    0    0    0    0
     0    0    0    0    0    0    0    0    0    0    0    0    0    0
     0    0    0]
 [   0    0    0    0    0 1698    0    0    0    0    0    0    0    0
     0    0    0    0    0    0    2    0    0    0    0    0    0    0
     0    0    0]
 [   0    0    0    0    0  212    0    0    0    0    0    0    0    0
     0    0    0    0    0    0    1    0    0    0    0    0    0    0
     0    0    0]
 [   0    0    0    0    0  110    0    1    0    0    0    0    0    0
     0    0    0    0    0    0    0    0    0    0    0    0    0    0
     0    0    0]
 [   0    0    0    0    0  546    0    0    0    0    0    0    0    0
     0    0    0    0    0    0    0    0    0    0    0    0    0    0
     0    0    0]
 [   0    0    0    0    0  122    0    0    0    0    0    0    0    0
     0    0    0    0    0    0    1    0    0    0    0    0    0    0
     0    0    0]]
Accuracy: 0.281 (0.000)

========================================================


DecisionTreeClassifier(class_weight=None, criterion='gini', max_depth=5,
            max_features=None, max_leaf_nodes=None,
            min_impurity_split=1e-07, min_samples_leaf=1,
            min_samples_split=2, min_weight_fraction_leaf=0.0,
            presort=False, random_state=None, splitter='best')Classifier score             precision    recall  f1-score   support

          1       0.00      0.00      0.00       639
          2       0.00      0.00      0.00       152
          3       0.00      0.00      0.00       144
          4       0.00      0.00      0.00       215
          5       0.00      0.00      0.00       221
          6       0.28      0.99      0.44      4958
          7       0.00      0.00      0.00      1057
          8       0.00      0.00      0.00      1607
          9       0.50      0.04      0.07       280
         10       0.00      0.00      0.00       282
         11       0.00      0.00      0.00       190
         12       0.00      0.00      0.00       183
         13       0.00      0.00      0.00       169
         14       0.00      0.00      0.00       149
         15       0.00      0.00      0.00       346
         16       0.00      0.00      0.00       484
         17       0.00      0.00      0.00       251
         18       0.00      0.00      0.00       350
         19       0.00      0.00      0.00       150
         20       0.00      0.00      0.00       120
         21       0.47      0.01      0.01      1078
         22       0.00      0.00      0.00       349
         23       0.00      0.00      0.00       126
         24       0.00      0.00      0.00       123
         25       0.00      0.00      0.00       294
         26       0.27      0.04      0.07       994
         27       0.00      0.00      0.00      1700
         28       0.00      0.00      0.00       213
         29       0.00      0.00      0.00       111
         30       0.00      0.00      0.00       546
         31       0.00      0.00      0.00       123

avg / total       0.13      0.28      0.13     17604
Confusion Matix: 
[[   0    0    0    0    0  638    0    1    0    0    0    0    0    0
     0    0    0    0    0    0    0    0    0    0    0    0    0    0
     0    0    0]
 [   0    0    0    0    0  150    0    0    0    0    0    0    0    0
     0    0    0    0    0    0    0    0    0    0    0    2    0    0
     0    0    0]
 [   0    0    0    0    0  144    0    0    0    0    0    0    0    0
     0    0    0    0    0    0    0    0    0    0    0    0    0    0
     0    0    0]
 [   0    0    0    0    1  213    0    0    1    0    0    0    0    0
     0    0    0    0    0    0    0    0    0    0    0    0    0    0
     0    0    0]
 [   0    0    0    0    0  220    0    0    1    0    0    0    0    0
     0    0    0    0    0    0    0    0    0    0    0    0    0    0
     0    0    0]
 [   0    0    0    0    1 4931    0    1    1    0    0    0    0    0
     0    0    0    0    0    0    2    0    0    0    0   22    0    0
     0    0    0]
 [   0    0    0    0    0 1052    0    0    2    0    0    0    0    0
     0    0    0    0    0    0    2    0    0    0    0    1    0    0
     0    0    0]
 [   0    0    0    0    0 1596    0    0    0    0    0    0    0    0
     0    0    0    0    0    0    0    0    0    0    0   11    0    0
     0    0    0]
 [   0    0    0    0    0  269    0    0   10    0    0    0    0    0
     0    0    0    0    0    0    1    0    0    0    0    0    0    0
     0    0    0]
 [   0    0    0    0    0  279    0    0    0    0    0    0    0    0
     0    0    0    0    0    0    0    0    0    0    0    3    0    0
     0    0    0]
 [   0    0    0    0    0  190    0    0    0    0    0    0    0    0
     0    0    0    0    0    0    0    0    0    0    0    0    0    0
     0    0    0]
 [   0    0    0    0    0  168    0    0    0    0    0    0    0    0
     0    0    0    0    0    0    0    0    0    0    0   15    0    0
     0    0    0]
 [   0    0    0    0    0  162    0    0    0    0    0    0    0    0
     0    0    0    0    0    0    0    0    0    0    0    7    0    0
     0    0    0]
 [   0    0    0    0    0  149    0    0    0    0    0    0    0    0
     0    0    0    0    0    0    0    0    0    0    0    0    0    0
     0    0    0]
 [   0    0    0    0    0  342    0    0    0    0    0    0    0    0
     0    0    0    0    0    0    1    0    0    0    0    3    0    0
     0    0    0]
 [   0    0    0    0    0  478    0    0    0    0    0    0    0    0
     0    0    0    0    0    0    2    0    0    0    0    4    0    0
     0    0    0]
 [   0    0    0    0    0  251    0    0    0    0    0    0    0    0
     0    0    0    0    0    0    0    0    0    0    0    0    0    0
     0    0    0]
 [   0    0    0    0    0  349    0    0    1    0    0    0    0    0
     0    0    0    0    0    0    0    0    0    0    0    0    0    0
     0    0    0]
 [   0    0    0    0    0  147    0    0    0    0    0    0    0    0
     0    0    0    0    0    0    0    0    0    0    0    3    0    0
     0    0    0]
 [   0    0    0    0    0  120    0    0    0    0    0    0    0    0
     0    0    0    0    0    0    0    0    0    0    0    0    0    0
     0    0    0]
 [   0    0    0    0    0 1067    0    0    2    0    0    0    0    0
     0    0    0    0    0    0    8    0    0    0    0    1    0    0
     0    0    0]
 [   0    0    0    0    0  349    0    0    0    0    0    0    0    0
     0    0    0    0    0    0    0    0    0    0    0    0    0    0
     0    0    0]
 [   0    0    0    0    0  125    0    0    0    0    0    0    0    0
     0    0    0    0    0    0    0    0    0    0    0    1    0    0
     0    0    0]
 [   0    0    0    0    0  123    0    0    0    0    0    0    0    0
     0    0    0    0    0    0    0    0    0    0    0    0    0    0
     0    0    0]
 [   0    0    0    0    0  293    0    0    0    0    0    0    0    0
     0    0    0    0    0    0    0    0    0    0    0    1    0    0
     0    0    0]
 [   0    0    0    0    0  955    0    0    1    0    0    0    0    0
     0    0    0    0    0    0    0    0    0    0    0   38    0    0
     0    0    0]
 [   0    0    0    0    0 1681    0    0    1    0    0    0    0    0
     0    0    0    0    0    0    0    0    0    0    0   18    0    0
     0    0    0]
 [   0    0    0    0    0  210    0    0    0    0    0    0    0    0
     0    0    0    0    0    0    1    0    0    0    0    2    0    0
     0    0    0]
 [   0    0    0    0    0  109    0    0    0    0    0    0    0    0
     0    0    0    0    0    0    0    0    0    0    0    2    0    0
     0    0    0]
 [   0    0    0    0    0  546    0    0    0    0    0    0    0    0
     0    0    0    0    0    0    0    0    0    0    0    0    0    0
     0    0    0]
 [   0    0    0    0    0  118    0    0    0    0    0    0    0    0
     0    0    0    0    0    0    0    0    0    0    0    5    0    0
     0    0    0]]
Accuracy: 0.280 (0.002)

========================================================


RandomForestClassifier(bootstrap=True, class_weight=None, criterion='gini',
            max_depth=5, max_features=1, max_leaf_nodes=None,
            min_impurity_split=1e-07, min_samples_leaf=1,
            min_samples_split=2, min_weight_fraction_leaf=0.0,
            n_estimators=3, n_jobs=1, oob_score=False, random_state=None,
            verbose=0, warm_start=False)Classifier score             precision    recall  f1-score   support

          1       0.00      0.00      0.00       639
          2       0.00      0.00      0.00       152
          3       0.00      0.00      0.00       144
          4       0.00      0.00      0.00       215
          5       0.00      0.00      0.00       221
          6       0.28      1.00      0.44      4958
          7       0.00      0.00      0.00      1057
          8       0.00      0.00      0.00      1607
          9       0.00      0.00      0.00       280
         10       0.00      0.00      0.00       282
         11       0.00      0.00      0.00       190
         12       0.00      0.00      0.00       183
         13       0.00      0.00      0.00       169
         14       0.00      0.00      0.00       149
         15       0.00      0.00      0.00       346
         16       0.00      0.00      0.00       484
         17       0.00      0.00      0.00       251
         18       0.00      0.00      0.00       350
         19       0.00      0.00      0.00       150
         20       0.00      0.00      0.00       120
         21       0.73      0.01      0.01      1078
         22       0.00      0.00      0.00       349
         23       0.00      0.00      0.00       126
         24       0.00      0.00      0.00       123
         25       0.00      0.00      0.00       294
         26       0.00      0.00      0.00       994
         27       0.00      0.00      0.00      1700
         28       0.00      0.00      0.00       213
         29       0.00      0.00      0.00       111
         30       0.00      0.00      0.00       546
         31       0.00      0.00      0.00       123

avg / total       0.12      0.28      0.12     17604
Confusion Matix: 
[[   0    0    0    0    0  638    0    0    0    0    0    0    0    0
     0    0    0    0    0    0    0    0    0    0    0    1    0    0
     0    0    0]
 [   0    0    0    0    0  151    0    0    0    1    0    0    0    0
     0    0    0    0    0    0    0    0    0    0    0    0    0    0
     0    0    0]
 [   0    0    0    0    0  144    0    0    0    0    0    0    0    0
     0    0    0    0    0    0    0    0    0    0    0    0    0    0
     0    0    0]
 [   0    0    0    0    0  215    0    0    0    0    0    0    0    0
     0    0    0    0    0    0    0    0    0    0    0    0    0    0
     0    0    0]
 [   0    0    0    0    0  220    0    0    0    1    0    0    0    0
     0    0    0    0    0    0    0    0    0    0    0    0    0    0
     0    0    0]
 [   0    0    0    0    0 4951    0    2    0    1    1    0    0    0
     0    0    0    0    0    0    2    0    0    0    0    1    0    0
     0    0    0]
 [   0    0    0    0    0 1056    0    1    0    0    0    0    0    0
     0    0    0    0    0    0    0    0    0    0    0    0    0    0
     0    0    0]
 [   0    0    0    0    0 1605    1    0    0    0    0    0    0    0
     0    0    0    0    0    0    1    0    0    0    0    0    0    0
     0    0    0]
 [   0    0    0    0    0  280    0    0    0    0    0    0    0    0
     0    0    0    0    0    0    0    0    0    0    0    0    0    0
     0    0    0]
 [   0    0    0    0    0  281    0    0    0    0    0    0    0    0
     0    0    0    0    0    0    0    0    0    0    0    0    1    0
     0    0    0]
 [   0    0    0    0    0  190    0    0    0    0    0    0    0    0
     0    0    0    0    0    0    0    0    0    0    0    0    0    0
     0    0    0]
 [   0    0    0    0    0  183    0    0    0    0    0    0    0    0
     0    0    0    0    0    0    0    0    0    0    0    0    0    0
     0    0    0]
 [   0    0    0    0    0  169    0    0    0    0    0    0    0    0
     0    0    0    0    0    0    0    0    0    0    0    0    0    0
     0    0    0]
 [   0    0    0    0    0  149    0    0    0    0    0    0    0    0
     0    0    0    0    0    0    0    0    0    0    0    0    0    0
     0    0    0]
 [   0    0    0    0    0  346    0    0    0    0    0    0    0    0
     0    0    0    0    0    0    0    0    0    0    0    0    0    0
     0    0    0]
 [   0    0    0    0    0  484    0    0    0    0    0    0    0    0
     0    0    0    0    0    0    0    0    0    0    0    0    0    0
     0    0    0]
 [   0    0    0    0    0  251    0    0    0    0    0    0    0    0
     0    0    0    0    0    0    0    0    0    0    0    0    0    0
     0    0    0]
 [   0    0    0    0    0  349    0    0    0    1    0    0    0    0
     0    0    0    0    0    0    0    0    0    0    0    0    0    0
     0    0    0]
 [   0    0    0    0    0  150    0    0    0    0    0    0    0    0
     0    0    0    0    0    0    0    0    0    0    0    0    0    0
     0    0    0]
 [   0    0    0    0    0  120    0    0    0    0    0    0    0    0
     0    0    0    0    0    0    0    0    0    0    0    0    0    0
     0    0    0]
 [   0    0    0    0    0 1070    0    0    0    0    0    0    0    0
     0    0    0    0    0    0    8    0    0    0    0    0    0    0
     0    0    0]
 [   0    0    0    0    0  349    0    0    0    0    0    0    0    0
     0    0    0    0    0    0    0    0    0    0    0    0    0    0
     0    0    0]
 [   0    0    0    0    0  126    0    0    0    0    0    0    0    0
     0    0    0    0    0    0    0    0    0    0    0    0    0    0
     0    0    0]
 [   0    0    0    0    0  123    0    0    0    0    0    0    0    0
     0    0    0    0    0    0    0    0    0    0    0    0    0    0
     0    0    0]
 [   0    0    0    0    0  294    0    0    0    0    0    0    0    0
     0    0    0    0    0    0    0    0    0    0    0    0    0    0
     0    0    0]
 [   0    0    0    0    0  994    0    0    0    0    0    0    0    0
     0    0    0    0    0    0    0    0    0    0    0    0    0    0
     0    0    0]
 [   0    0    0    0    0 1699    1    0    0    0    0    0    0    0
     0    0    0    0    0    0    0    0    0    0    0    0    0    0
     0    0    0]
 [   0    0    0    0    0  213    0    0    0    0    0    0    0    0
     0    0    0    0    0    0    0    0    0    0    0    0    0    0
     0    0    0]
 [   0    0    0    0    0  111    0    0    0    0    0    0    0    0
     0    0    0    0    0    0    0    0    0    0    0    0    0    0
     0    0    0]
 [   0    0    0    0    0  546    0    0    0    0    0    0    0    0
     0    0    0    0    0    0    0    0    0    0    0    0    0    0
     0    0    0]
 [   0    0    0    0    0  123    0    0    0    0    0    0    0    0
     0    0    0    0    0    0    0    0    0    0    0    0    0    0
     0    0    0]]
Accuracy: 0.280 (0.001)

========================================================


MLPClassifier(activation='relu', alpha=1, batch_size='auto', beta_1=0.9,
       beta_2=0.999, early_stopping=False, epsilon=1e-08,
       hidden_layer_sizes=(100,), learning_rate='constant',
       learning_rate_init=0.001, max_iter=200, momentum=0.9,
       nesterovs_momentum=True, power_t=0.5, random_state=None,
       shuffle=True, solver='adam', tol=0.0001, validation_fraction=0.1,
       verbose=False, warm_start=False)Classifier score             precision    recall  f1-score   support

          1       0.00      0.00      0.00       639
          2       0.00      0.00      0.00       152
          3       0.00      0.00      0.00       144
          4       0.00      0.00      0.00       215
          5       0.00      0.00      0.00       221
          6       0.28      1.00      0.44      4958
          7       0.00      0.00      0.00      1057
          8       0.00      0.00      0.00      1607
          9       0.00      0.00      0.00       280
         10       0.00      0.00      0.00       282
         11       0.00      0.00      0.00       190
         12       0.00      0.00      0.00       183
         13       0.00      0.00      0.00       169
         14       0.00      0.00      0.00       149
         15       0.00      0.00      0.00       346
         16       0.00      0.00      0.00       484
         17       0.00      0.00      0.00       251
         18       0.00      0.00      0.00       350
         19       0.00      0.00      0.00       150
         20       0.00      0.00      0.00       120
         21       0.00      0.00      0.00      1078
         22       0.00      0.00      0.00       349
         23       0.00      0.00      0.00       126
         24       0.00      0.00      0.00       123
         25       0.00      0.00      0.00       294
         26       0.00      0.00      0.00       994
         27       0.00      0.00      0.00      1700
         28       0.00      0.00      0.00       213
         29       0.00      0.00      0.00       111
         30       0.00      0.00      0.00       546
         31       0.00      0.00      0.00       123

avg / total       0.08      0.28      0.12     17604
Confusion Matix: 
[[   0    0    0    0    0  639    0    0    0    0    0    0    0    0
     0    0    0    0    0    0    0    0    0    0    0    0    0    0
     0    0    0]
 [   0    0    0    0    0  152    0    0    0    0    0    0    0    0
     0    0    0    0    0    0    0    0    0    0    0    0    0    0
     0    0    0]
 [   0    0    0    0    0  144    0    0    0    0    0    0    0    0
     0    0    0    0    0    0    0    0    0    0    0    0    0    0
     0    0    0]
 [   0    0    0    0    0  215    0    0    0    0    0    0    0    0
     0    0    0    0    0    0    0    0    0    0    0    0    0    0
     0    0    0]
 [   0    0    0    0    0  221    0    0    0    0    0    0    0    0
     0    0    0    0    0    0    0    0    0    0    0    0    0    0
     0    0    0]
 [   0    0    0    0    0 4958    0    0    0    0    0    0    0    0
     0    0    0    0    0    0    0    0    0    0    0    0    0    0
     0    0    0]
 [   0    0    0    0    0 1057    0    0    0    0    0    0    0    0
     0    0    0    0    0    0    0    0    0    0    0    0    0    0
     0    0    0]
 [   0    0    0    0    0 1607    0    0    0    0    0    0    0    0
     0    0    0    0    0    0    0    0    0    0    0    0    0    0
     0    0    0]
 [   0    0    0    0    0  280    0    0    0    0    0    0    0    0
     0    0    0    0    0    0    0    0    0    0    0    0    0    0
     0    0    0]
 [   0    0    0    0    0  282    0    0    0    0    0    0    0    0
     0    0    0    0    0    0    0    0    0    0    0    0    0    0
     0    0    0]
 [   0    0    0    0    0  190    0    0    0    0    0    0    0    0
     0    0    0    0    0    0    0    0    0    0    0    0    0    0
     0    0    0]
 [   0    0    0    0    0  183    0    0    0    0    0    0    0    0
     0    0    0    0    0    0    0    0    0    0    0    0    0    0
     0    0    0]
 [   0    0    0    0    0  169    0    0    0    0    0    0    0    0
     0    0    0    0    0    0    0    0    0    0    0    0    0    0
     0    0    0]
 [   0    0    0    0    0  149    0    0    0    0    0    0    0    0
     0    0    0    0    0    0    0    0    0    0    0    0    0    0
     0    0    0]
 [   0    0    0    0    0  346    0    0    0    0    0    0    0    0
     0    0    0    0    0    0    0    0    0    0    0    0    0    0
     0    0    0]
 [   0    0    0    0    0  484    0    0    0    0    0    0    0    0
     0    0    0    0    0    0    0    0    0    0    0    0    0    0
     0    0    0]
 [   0    0    0    0    0  251    0    0    0    0    0    0    0    0
     0    0    0    0    0    0    0    0    0    0    0    0    0    0
     0    0    0]
 [   0    0    0    0    0  350    0    0    0    0    0    0    0    0
     0    0    0    0    0    0    0    0    0    0    0    0    0    0
     0    0    0]
 [   0    0    0    0    0  150    0    0    0    0    0    0    0    0
     0    0    0    0    0    0    0    0    0    0    0    0    0    0
     0    0    0]
 [   0    0    0    0    0  120    0    0    0    0    0    0    0    0
     0    0    0    0    0    0    0    0    0    0    0    0    0    0
     0    0    0]
 [   0    0    0    0    0 1078    0    0    0    0    0    0    0    0
     0    0    0    0    0    0    0    0    0    0    0    0    0    0
     0    0    0]
 [   0    0    0    0    0  349    0    0    0    0    0    0    0    0
     0    0    0    0    0    0    0    0    0    0    0    0    0    0
     0    0    0]
 [   0    0    0    0    0  126    0    0    0    0    0    0    0    0
     0    0    0    0    0    0    0    0    0    0    0    0    0    0
     0    0    0]
 [   0    0    0    0    0  123    0    0    0    0    0    0    0    0
     0    0    0    0    0    0    0    0    0    0    0    0    0    0
     0    0    0]
 [   0    0    0    0    0  294    0    0    0    0    0    0    0    0
     0    0    0    0    0    0    0    0    0    0    0    0    0    0
     0    0    0]
 [   0    0    0    0    0  994    0    0    0    0    0    0    0    0
     0    0    0    0    0    0    0    0    0    0    0    0    0    0
     0    0    0]
 [   0    0    0    0    0 1700    0    0    0    0    0    0    0    0
     0    0    0    0    0    0    0    0    0    0    0    0    0    0
     0    0    0]
 [   0    0    0    0    0  213    0    0    0    0    0    0    0    0
     0    0    0    0    0    0    0    0    0    0    0    0    0    0
     0    0    0]
 [   0    0    0    0    0  111    0    0    0    0    0    0    0    0
     0    0    0    0    0    0    0    0    0    0    0    0    0    0
     0    0    0]
 [   0    0    0    0    0  546    0    0    0    0    0    0    0    0
     0    0    0    0    0    0    0    0    0    0    0    0    0    0
     0    0    0]
 [   0    0    0    0    0  123    0    0    0    0    0    0    0    0
     0    0    0    0    0    0    0    0    0    0    0    0    0    0
     0    0    0]]
Accuracy: 0.282 (0.001)

========================================================


AdaBoostClassifier(algorithm='SAMME.R', base_estimator=None,
          learning_rate=1.0, n_estimators=50, random_state=None)Classifier score             precision    recall  f1-score   support

          1       0.00      0.00      0.00       639
          2       0.00      0.00      0.00       152
          3       0.00      0.00      0.00       144
          4       0.00      0.00      0.00       215
          5       0.00      0.00      0.00       221
          6       0.28      1.00      0.44      4958
          7       0.07      0.00      0.01      1057
          8       0.00      0.00      0.00      1607
          9       0.00      0.00      0.00       280
         10       0.00      0.00      0.00       282
         11       0.00      0.00      0.00       190
         12       0.00      0.00      0.00       183
         13       0.00      0.00      0.00       169
         14       0.00      0.00      0.00       149
         15       0.00      0.00      0.00       346
         16       0.00      0.00      0.00       484
         17       0.00      0.00      0.00       251
         18       0.00      0.00      0.00       350
         19       0.00      0.00      0.00       150
         20       0.00      0.00      0.00       120
         21       0.44      0.01      0.02      1078
         22       0.00      0.00      0.00       349
         23       0.00      0.00      0.00       126
         24       0.00      0.00      0.00       123
         25       0.00      0.00      0.00       294
         26       0.00      0.00      0.00       994
         27       0.00      0.00      0.00      1700
         28       0.00      0.00      0.00       213
         29       0.00      0.00      0.00       111
         30       0.00      0.00      0.00       546
         31       0.25      0.01      0.02       123

avg / total       0.11      0.28      0.13     17604
Confusion Matix: 
[[   0    0    0    0    0  635    1    0    0    0    0    0    0    0
     0    0    0    0    0    0    2    0    0    0    0    0    0    0
     0    0    1]
 [   0    0    0    0    0  152    0    0    0    0    0    0    0    0
     0    0    0    0    0    0    0    0    0    0    0    0    0    0
     0    0    0]
 [   0    0    0    0    0  144    0    0    0    0    0    0    0    0
     0    0    0    0    0    0    0    0    0    0    0    0    0    0
     0    0    0]
 [   0    0    0    0    0  214    1    0    0    0    0    0    0    0
     0    0    0    0    0    0    0    0    0    0    0    0    0    0
     0    0    0]
 [   0    0    0    0    0  219    1    0    0    0    0    0    0    0
     0    0    0    0    0    0    1    0    0    0    0    0    0    0
     0    0    0]
 [   0    0    0    0    0 4936   13    0    0    0    0    0    0    0
     0    0    0    0    0    0    6    0    0    0    0    1    0    0
     0    0    2]
 [   0    0    0    0    0 1053    4    0    0    0    0    0    0    0
     0    0    0    0    0    0    0    0    0    0    0    0    0    0
     0    0    0]
 [   0    0    0    0    0 1595   11    0    0    0    0    0    0    0
     0    0    0    0    0    0    1    0    0    0    0    0    0    0
     0    0    0]
 [   0    0    0    0    0  273    7    0    0    0    0    0    0    0
     0    0    0    0    0    0    0    0    0    0    0    0    0    0
     0    0    0]
 [   0    0    0    0    0  282    0    0    0    0    0    0    0    0
     0    0    0    0    0    0    0    0    0    0    0    0    0    0
     0    0    0]
 [   0    0    0    0    0  190    0    0    0    0    0    0    0    0
     0    0    0    0    0    0    0    0    0    0    0    0    0    0
     0    0    0]
 [   0    0    0    0    0  183    0    0    0    0    0    0    0    0
     0    0    0    0    0    0    0    0    0    0    0    0    0    0
     0    0    0]
 [   0    0    0    0    0  169    0    0    0    0    0    0    0    0
     0    0    0    0    0    0    0    0    0    0    0    0    0    0
     0    0    0]
 [   0    0    0    0    0  149    0    0    0    0    0    0    0    0
     0    0    0    0    0    0    0    0    0    0    0    0    0    0
     0    0    0]
 [   0    0    0    0    0  345    0    0    0    0    0    1    0    0
     0    0    0    0    0    0    0    0    0    0    0    0    0    0
     0    0    0]
 [   0    0    0    0    0  484    0    0    0    0    0    0    0    0
     0    0    0    0    0    0    0    0    0    0    0    0    0    0
     0    0    0]
 [   0    0    0    0    0  249    2    0    0    0    0    0    0    0
     0    0    0    0    0    0    0    0    0    0    0    0    0    0
     0    0    0]
 [   0    0    0    0    0  347    3    0    0    0    0    0    0    0
     0    0    0    0    0    0    0    0    0    0    0    0    0    0
     0    0    0]
 [   0    0    0    0    0  150    0    0    0    0    0    0    0    0
     0    0    0    0    0    0    0    0    0    0    0    0    0    0
     0    0    0]
 [   0    0    0    0    0  120    0    0    0    0    0    0    0    0
     0    0    0    0    0    0    0    0    0    0    0    0    0    0
     0    0    0]
 [   0    0    0    0    0 1057    8    0    0    0    0    0    0    1
     0    0    0    0    0    0   12    0    0    0    0    0    0    0
     0    0    0]
 [   0    0    0    0    0  349    0    0    0    0    0    0    0    0
     0    0    0    0    0    0    0    0    0    0    0    0    0    0
     0    0    0]
 [   0    0    0    0    0  126    0    0    0    0    0    0    0    0
     0    0    0    0    0    0    0    0    0    0    0    0    0    0
     0    0    0]
 [   0    0    0    0    0  123    0    0    0    0    0    0    0    0
     0    0    0    0    0    0    0    0    0    0    0    0    0    0
     0    0    0]
 [   0    0    0    0    0  293    0    0    0    0    0    1    0    0
     0    0    0    0    0    0    0    0    0    0    0    0    0    0
     0    0    0]
 [   0    0    0    0    0  989    4    0    0    0    0    0    0    0
     0    0    0    0    0    0    1    0    0    0    0    0    0    0
     0    0    0]
 [   0    0    0    0    0 1697    2    0    0    0    0    0    0    0
     0    0    0    0    0    0    1    0    0    0    0    0    0    0
     0    0    0]
 [   0    0    0    0    0  212    0    0    0    0    0    0    0    0
     0    0    0    0    0    0    1    0    0    0    0    0    0    0
     0    0    0]
 [   0    0    0    0    0  110    0    0    0    0    0    0    0    0
     0    0    0    0    0    0    1    0    0    0    0    0    0    0
     0    0    0]
 [   0    0    0    0    0  545    0    0    0    0    0    0    0    0
     0    0    0    0    0    0    1    0    0    0    0    0    0    0
     0    0    0]
 [   0    0    0    0    0  119    3    0    0    0    0    0    0    0
     0    0    0    0    0    0    0    0    0    0    0    0    0    0
     0    0    1]]
Accuracy: 0.275 (0.003)

========================================================


GaussianNB(priors=None)Classifier score             precision    recall  f1-score   support

          1       0.00      0.00      0.00       639
          2       0.00      0.00      0.00       152
          3       0.01      0.03      0.01       144
          4       0.07      0.00      0.01       215
          5       0.00      0.00      0.00       221
          6       0.36      0.00      0.00      4958
          7       0.05      0.00      0.00      1057
          8       0.17      0.00      0.01      1607
          9       0.00      0.00      0.00       280
         10       0.00      0.00      0.00       282
         11       0.03      0.01      0.01       190
         12       0.00      0.00      0.00       183
         13       0.01      0.01      0.01       169
         14       0.01      0.01      0.01       149
         15       0.00      0.00      0.00       346
         16       0.00      0.00      0.00       484
         17       0.00      0.00      0.00       251
         18       0.03      0.00      0.01       350
         19       0.00      0.00      0.00       150
         20       0.01      0.88      0.01       120
         21       0.16      0.01      0.02      1078
         22       0.00      0.00      0.00       349
         23       0.01      0.04      0.02       126
         24       0.00      0.00      0.00       123
         25       0.00      0.00      0.00       294
         26       0.08      0.00      0.00       994
         27       0.00      0.00      0.00      1700
         28       0.00      0.00      0.00       213
         29       0.01      0.01      0.01       111
         30       0.07      0.00      0.00       546
         31       0.00      0.00      0.00       123

avg / total       0.14      0.01      0.00     17604
Confusion Matix: 
[[   0    3   17    2    1    0    1    0    0    0    3    1    5   12
     2    1    2    1    4  556    4    0   11    2    2    0    1    2
     6    0    0]
 [   0    0    4    0    0    0    0    0    0    0    0    0    2    1
     1    0    0    0    0  133    1    0    4    0    0    0    0    0
     4    0    2]
 [   0    0    5    0    0    0    0    0    0    0    0    0    2    1
     0    1    0    0    0  131    0    0    2    2    0    0    0    0
     0    0    0]
 [   0    0    4    1    1    0    0    0    0    1    0    0    3    1
     0    0    0    0    1  194    1    0    2    1    0    0    0    1
     3    0    1]
 [   0    0    8    0    0    1    0    0    0    3    1    0    4    3
     0    0    0    1    0  193    1    0    2    1    0    0    0    0
     2    0    1]
 [   8   13  222    4    4   10    8   13    3    3    9    6   92   63
    14   10   15   11   45 4132   32    2  140    4    2    7    5    6
    50    4   21]
 [   1    4   62    1    1    0    1    3    1    2    2    1   14   15
     6    7    3    1    6  880    8    0   21    0    1    2    0    1
    11    0    2]
 [   4    5   77    0    1    7    1    6    0    0    4    2   19    9
     6    4    6    4   14 1368    6    1   30    3    4    1    0    4
    18    2    1]
 [   0    3   26    0    0    0    0    0    0    0    1    0    8    6
     1    0    0    2    4  212    1    0    5    0    1    0    0    2
     4    1    3]
 [   0    2   10    0    2    0    0    0    0    0    0    0    4    3
     1    0    0    2    0  241    2    0    8    2    0    0    1    0
     4    0    0]
 [   0    0    6    1    0    0    0    0    1    0    1    0    0    1
     0    0    0    2    3  168    2    0    0    4    0    0    0    0
     1    0    0]
 [   0    1    8    0    1    1    0    1    0    0    0    0    3    1
     1    1    1    0    1  157    0    0    2    1    0    0    0    0
     2    0    1]
 [   0    0   11    1    0    0    0    0    0    0    0    0    2    1
     0    0    1    0    0  144    0    0    6    1    0    0    0    0
     2    0    0]
 [   0    0    1    0    0    0    0    0    0    0    1    0    1    1
     1    0    0    0    2  137    1    0    1    1    0    0    0    0
     1    0    1]
 [   0    0   16    0    0    0    0    2    0    0    0    1    4    4
     0    0    1    0    2  299    1    0   11    0    1    0    0    0
     4    0    0]
 [   0    3   16    1    0    0    0    0    1    0    1    1    6    5
     3    0    1    0    4  426    0    0    6    1    0    1    0    0
     6    0    2]
 [   0    1   10    0    2    0    0    0    0    1    0    0    1    2
     0    1    0    0    2  224    0    0    2    0    0    0    0    0
     5    0    0]
 [   2    0   13    0    2    0    2    0    0    0    0    1    4    4
     0    2    0    1    4  302    1    0    2    0    0    0    0    1
     6    0    3]
 [   0    1    0    0    0    0    0    0    0    0    0    0    1    3
     0    0    0    0    0  138    0    1    5    0    0    0    0    0
     1    0    0]
 [   0    0    3    0    0    0    0    0    0    0    1    0    3    1
     1    1    0    0    1  105    0    0    4    0    0    0    0    0
     0    0    0]
 [   1    7   40    0    5    4    3    1    1    2    6    1   15   17
     4    7    3    1    3  910   14    1   17    0    2    1    0    1
     6    1    4]
 [   0    1    9    1    1    0    1    0    1    1    1    0    2    4
     1    0    0    0    3  310    1    0    5    1    0    0    0    0
     6    0    0]
 [   0    1    5    0    0    0    0    1    0    0    0    0    1    0
     0    0    0    0    0  107    2    0    5    0    0    0    0    1
     2    0    1]
 [   0    0    7    0    0    1    0    0    0    0    1    0    1    4
     0    0    0    0    0  104    0    0    2    0    0    0    0    0
     2    0    1]
 [   1    0   11    0    0    0    0    0    0    1    1    0    2    1
     1    0    0    0    3  261    1    0    5    0    0    0    0    0
     6    0    0]
 [   2    6   22    0    4    0    2    4    1    1    1    0    6   13
     5    4    3    3    5  867    4    0   19    0    1    1    2    0
    12    4    2]
 [   1    4   51    1    5    3    2    3    0    2    4    3   19   15
     8    3    2    0    9 1510    2    2   27    3    3    0    0    1
    13    1    3]
 [   0    0   10    0    0    0    0    0    0    2    0    0    2    1
     1    0    0    1    0  185    0    0    6    0    0    0    0    0
     5    0    0]
 [   0    1    5    1    0    0    0    1    0    0    0    0    0    0
     0    0    0    0    1   98    0    0    2    0    0    0    0    0
     1    0    1]
 [   1    0   17    1    1    0    0    0    0    1    1    1    4    5
     1    2    0    1    3  479    1    0   14    3    1    0    1    0
     6    1    1]
 [   0    0   11    0    0    1    0    1    0    1    0    1    0    0
     1    0    0    1    0  100    2    0    2    1    0    0    0    0
     1    0    0]]
Accuracy: 0.011 (0.002)

========================================================



Best Obtained Result: 0.281642
Best Classifer: SVC(C=0.025, cache_size=200, class_weight=None, coef0=0.0,
  decision_function_shape=None, degree=3, gamma='auto', kernel='linear',
  max_iter=-1, probability=False, random_state=None, shrinking=True,
  tol=0.001, verbose=False)