Welcome to Classical classification!
The working dir is: /home/aljaafn/Desktop/Sorted_images_family_level_with_aug_top42
The data has been divided with for 0.80 percent for training and 0.20 percent for testing

========================================================


KNeighborsClassifier(algorithm='auto', leaf_size=30, metric='minkowski',
           metric_params=None, n_jobs=1, n_neighbors=3, p=2,
           weights='uniform')Classifier score             precision    recall  f1-score   support

          1       0.04      0.09      0.05       619
          2       0.01      0.04      0.02        52
          3       0.01      0.03      0.02       139
          4       0.02      0.04      0.02       141
          5       0.02      0.17      0.03       206
          6       0.01      0.02      0.01        49
          7       0.02      0.03      0.02       220
          8       0.30      0.47      0.37      4972
          9       0.09      0.09      0.09      1062
         10       0.11      0.09      0.10      1652
         11       0.05      0.04      0.04       273
         12       0.01      0.02      0.02        65
         13       0.04      0.02      0.03       293
         14       0.00      0.00      0.00       214
         15       0.10      0.05      0.07       209
         16       0.03      0.01      0.01       103
         17       0.00      0.00      0.00        68
         18       0.02      0.01      0.02       153
         19       0.03      0.01      0.02       146
         20       0.04      0.02      0.02       344
         21       0.07      0.03      0.04       463
         22       0.02      0.02      0.02       240
         23       0.06      0.02      0.03       338
         24       0.07      0.02      0.03       149
         25       0.00      0.00      0.00       144
         26       0.13      0.05      0.07      1076
         27       0.00      0.00      0.00        92
         28       0.00      0.00      0.00        96
         29       0.06      0.01      0.02       338
         30       0.00      0.00      0.00       131
         31       0.00      0.00      0.00        40
         32       0.00      0.00      0.00       126
         33       0.00      0.00      0.00       273
         34       0.17      0.04      0.07       962
         35       0.15      0.06      0.09      1758
         36       0.00      0.00      0.00       209
         37       0.00      0.00      0.00        52
         38       0.00      0.00      0.00        88
         39       0.00      0.00      0.00       123
         40       0.00      0.00      0.00        75
         41       0.02      0.00      0.00       506
         42       0.20      0.02      0.03       125

avg / total       0.14      0.16      0.14     18384
Confusion Matix: 
[[57  5  5 ...,  0  0  0]
 [ 4  2  1 ...,  0  0  0]
 [11  1  4 ...,  0  0  0]
 ..., 
 [ 7  2  0 ...,  0  0  0]
 [47  6  6 ...,  0  1  0]
 [15  1  4 ...,  0  0  2]]
Accuracy: 0.166 (0.011)

========================================================


SVC(C=0.025, cache_size=200, class_weight=None, coef0=0.0,
  decision_function_shape=None, degree=3, gamma='auto', kernel='linear',
  max_iter=-1, probability=False, random_state=None, shrinking=True,
  tol=0.001, verbose=False)Classifier score             precision    recall  f1-score   support

          1       0.00      0.00      0.00       619
          2       0.00      0.00      0.00        52
          3       0.00      0.00      0.00       139
          4       0.00      0.00      0.00       141
          5       0.00      0.00      0.00       206
          6       0.00      0.00      0.00        49
          7       0.00      0.00      0.00       220
          8       0.27      1.00      0.43      4972
          9       0.00      0.00      0.00      1062
         10       0.00      0.00      0.00      1652
         11       0.00      0.00      0.00       273
         12       0.00      0.00      0.00        65
         13       0.00      0.00      0.00       293
         14       0.00      0.00      0.00       214
         15       0.00      0.00      0.00       209
         16       0.00      0.00      0.00       103
         17       0.00      0.00      0.00        68
         18       0.00      0.00      0.00       153
         19       0.00      0.00      0.00       146
         20       0.00      0.00      0.00       344
         21       0.00      0.00      0.00       463
         22       0.00      0.00      0.00       240
         23       0.00      0.00      0.00       338
         24       0.00      0.00      0.00       149
         25       0.00      0.00      0.00       144
         26       0.00      0.00      0.00      1076
         27       0.00      0.00      0.00        92
         28       0.00      0.00      0.00        96
         29       0.00      0.00      0.00       338
         30       0.00      0.00      0.00       131
         31       0.00      0.00      0.00        40
         32       0.00      0.00      0.00       126
         33       0.00      0.00      0.00       273
         34       0.00      0.00      0.00       962
         35       0.00      0.00      0.00      1758
         36       0.00      0.00      0.00       209
         37       0.00      0.00      0.00        52
         38       0.00      0.00      0.00        88
         39       0.00      0.00      0.00       123
         40       0.00      0.00      0.00        75
         41       0.00      0.00      0.00       506
         42       0.00      0.00      0.00       125

avg / total       0.07      0.27      0.12     18384
Confusion Matix: 
[[0 0 0 ..., 0 0 0]
 [0 0 0 ..., 0 0 0]
 [0 0 0 ..., 0 0 0]
 ..., 
 [0 0 0 ..., 0 0 0]
 [0 0 0 ..., 0 0 0]
 [0 0 0 ..., 0 0 0]]
Accuracy: 0.270 (0.001)

========================================================


SVC(C=1, cache_size=200, class_weight=None, coef0=0.0,
  decision_function_shape=None, degree=3, gamma=2, kernel='rbf',
  max_iter=-1, probability=False, random_state=None, shrinking=True,
  tol=0.001, verbose=False)Classifier score             precision    recall  f1-score   support

          1       0.00      0.00      0.00       619
          2       0.00      0.00      0.00        52
          3       0.00      0.00      0.00       139
          4       0.00      0.00      0.00       141
          5       0.00      0.00      0.00       206
          6       0.00      0.00      0.00        49
          7       0.00      0.00      0.00       220
          8       0.27      1.00      0.43      4972
          9       0.00      0.00      0.00      1062
         10       0.26      0.00      0.01      1652
         11       0.00      0.00      0.00       273
         12       0.00      0.00      0.00        65
         13       0.00      0.00      0.00       293
         14       0.00      0.00      0.00       214
         15       0.00      0.00      0.00       209
         16       0.00      0.00      0.00       103
         17       0.00      0.00      0.00        68
         18       0.00      0.00      0.00       153
         19       0.00      0.00      0.00       146
         20       0.00      0.00      0.00       344
         21       0.00      0.00      0.00       463
         22       0.00      0.00      0.00       240
         23       0.00      0.00      0.00       338
         24       0.00      0.00      0.00       149
         25       0.00      0.00      0.00       144
         26       0.58      0.01      0.03      1076
         27       0.00      0.00      0.00        92
         28       0.00      0.00      0.00        96
         29       0.00      0.00      0.00       338
         30       0.00      0.00      0.00       131
         31       0.00      0.00      0.00        40
         32       0.00      0.00      0.00       126
         33       0.00      0.00      0.00       273
         34       0.00      0.00      0.00       962
         35       0.00      0.00      0.00      1758
         36       0.00      0.00      0.00       209
         37       0.00      0.00      0.00        52
         38       0.00      0.00      0.00        88
         39       0.00      0.00      0.00       123
         40       0.00      0.00      0.00        75
         41       0.00      0.00      0.00       506
         42       0.00      0.00      0.00       125

avg / total       0.13      0.27      0.12     18384
Confusion Matix: 
[[0 0 0 ..., 0 0 0]
 [0 0 0 ..., 0 0 0]
 [0 0 0 ..., 0 0 0]
 ..., 
 [0 0 0 ..., 0 0 0]
 [0 0 0 ..., 0 0 0]
 [0 0 0 ..., 0 0 0]]
Accuracy: 0.271 (0.001)

========================================================


DecisionTreeClassifier(class_weight=None, criterion='gini', max_depth=5,
            max_features=None, max_leaf_nodes=None,
            min_impurity_split=1e-07, min_samples_leaf=1,
            min_samples_split=2, min_weight_fraction_leaf=0.0,
            presort=False, random_state=None, splitter='best')Classifier score             precision    recall  f1-score   support

          1       0.00      0.00      0.00       619
          2       0.00      0.00      0.00        52
          3       0.00      0.00      0.00       139
          4       0.00      0.00      0.00       141
          5       0.00      0.00      0.00       206
          6       0.00      0.00      0.00        49
          7       0.00      0.00      0.00       220
          8       0.27      0.99      0.43      4972
          9       0.00      0.00      0.00      1062
         10       0.00      0.00      0.00      1652
         11       0.19      0.02      0.04       273
         12       0.00      0.00      0.00        65
         13       0.00      0.00      0.00       293
         14       0.00      0.00      0.00       214
         15       0.00      0.00      0.00       209
         16       0.00      0.00      0.00       103
         17       0.00      0.00      0.00        68
         18       0.00      0.00      0.00       153
         19       0.00      0.00      0.00       146
         20       0.00      0.00      0.00       344
         21       0.00      0.00      0.00       463
         22       0.00      0.00      0.00       240
         23       0.00      0.00      0.00       338
         24       0.00      0.00      0.00       149
         25       0.00      0.00      0.00       144
         26       0.47      0.02      0.04      1076
         27       0.00      0.00      0.00        92
         28       0.00      0.00      0.00        96
         29       0.00      0.00      0.00       338
         30       0.00      0.00      0.00       131
         31       0.00      0.00      0.00        40
         32       0.00      0.00      0.00       126
         33       0.00      0.00      0.00       273
         34       0.20      0.03      0.05       962
         35       0.00      0.00      0.00      1758
         36       0.00      0.00      0.00       209
         37       0.00      0.00      0.00        52
         38       0.00      0.00      0.00        88
         39       0.00      0.00      0.00       123
         40       0.00      0.00      0.00        75
         41       0.00      0.00      0.00       506
         42       0.00      0.00      0.00       125

avg / total       0.11      0.27      0.12     18384
Confusion Matix: 
[[0 0 0 ..., 0 0 0]
 [0 0 0 ..., 0 0 0]
 [0 0 0 ..., 0 0 0]
 ..., 
 [0 0 0 ..., 0 0 0]
 [0 0 0 ..., 0 0 0]
 [0 0 0 ..., 0 0 0]]
Accuracy: 0.269 (0.002)

========================================================


RandomForestClassifier(bootstrap=True, class_weight=None, criterion='gini',
            max_depth=5, max_features=1, max_leaf_nodes=None,
            min_impurity_split=1e-07, min_samples_leaf=1,
            min_samples_split=2, min_weight_fraction_leaf=0.0,
            n_estimators=3, n_jobs=1, oob_score=False, random_state=None,
            verbose=0, warm_start=False)Classifier score             precision    recall  f1-score   support

          1       0.00      0.00      0.00       619
          2       0.00      0.00      0.00        52
          3       0.00      0.00      0.00       139
          4       0.00      0.00      0.00       141
          5       0.00      0.00      0.00       206
          6       0.00      0.00      0.00        49
          7       0.00      0.00      0.00       220
          8       0.27      1.00      0.43      4972
          9       0.00      0.00      0.00      1062
         10       0.33      0.00      0.00      1652
         11       0.00      0.00      0.00       273
         12       0.00      0.00      0.00        65
         13       0.00      0.00      0.00       293
         14       0.00      0.00      0.00       214
         15       0.00      0.00      0.00       209
         16       0.00      0.00      0.00       103
         17       0.00      0.00      0.00        68
         18       0.00      0.00      0.00       153
         19       0.00      0.00      0.00       146
         20       0.00      0.00      0.00       344
         21       0.00      0.00      0.00       463
         22       0.00      0.00      0.00       240
         23       0.00      0.00      0.00       338
         24       0.00      0.00      0.00       149
         25       0.00      0.00      0.00       144
         26       0.00      0.00      0.00      1076
         27       0.00      0.00      0.00        92
         28       0.00      0.00      0.00        96
         29       0.00      0.00      0.00       338
         30       0.00      0.00      0.00       131
         31       0.00      0.00      0.00        40
         32       0.00      0.00      0.00       126
         33       0.00      0.00      0.00       273
         34       0.00      0.00      0.00       962
         35       0.00      0.00      0.00      1758
         36       0.00      0.00      0.00       209
         37       0.00      0.00      0.00        52
         38       0.00      0.00      0.00        88
         39       0.00      0.00      0.00       123
         40       0.00      0.00      0.00        75
         41       0.00      0.00      0.00       506
         42       0.00      0.00      0.00       125

avg / total       0.10      0.27      0.12     18384
Confusion Matix: 
[[0 0 0 ..., 0 0 0]
 [0 0 0 ..., 0 0 0]
 [0 0 0 ..., 0 0 0]
 ..., 
 [0 0 0 ..., 0 0 0]
 [0 0 0 ..., 0 0 0]
 [0 0 0 ..., 0 0 0]]
Accuracy: 0.269 (0.002)

========================================================


MLPClassifier(activation='relu', alpha=1, batch_size='auto', beta_1=0.9,
       beta_2=0.999, early_stopping=False, epsilon=1e-08,
       hidden_layer_sizes=(100,), learning_rate='constant',
       learning_rate_init=0.001, max_iter=200, momentum=0.9,
       nesterovs_momentum=True, power_t=0.5, random_state=None,
       shuffle=True, solver='adam', tol=0.0001, validation_fraction=0.1,
       verbose=False, warm_start=False)Classifier score             precision    recall  f1-score   support

          1       0.00      0.00      0.00       619
          2       0.00      0.00      0.00        52
          3       0.00      0.00      0.00       139
          4       0.00      0.00      0.00       141
          5       0.00      0.00      0.00       206
          6       0.00      0.00      0.00        49
          7       0.00      0.00      0.00       220
          8       0.27      1.00      0.43      4972
          9       0.00      0.00      0.00      1062
         10       0.00      0.00      0.00      1652
         11       0.00      0.00      0.00       273
         12       0.00      0.00      0.00        65
         13       0.00      0.00      0.00       293
         14       0.00      0.00      0.00       214
         15       0.00      0.00      0.00       209
         16       0.00      0.00      0.00       103
         17       0.00      0.00      0.00        68
         18       0.00      0.00      0.00       153
         19       0.00      0.00      0.00       146
         20       0.00      0.00      0.00       344
         21       0.00      0.00      0.00       463
         22       0.00      0.00      0.00       240
         23       0.00      0.00      0.00       338
         24       0.00      0.00      0.00       149
         25       0.00      0.00      0.00       144
         26       0.00      0.00      0.00      1076
         27       0.00      0.00      0.00        92
         28       0.00      0.00      0.00        96
         29       0.00      0.00      0.00       338
         30       0.00      0.00      0.00       131
         31       0.00      0.00      0.00        40
         32       0.00      0.00      0.00       126
         33       0.00      0.00      0.00       273
         34       0.00      0.00      0.00       962
         35       0.00      0.00      0.00      1758
         36       0.00      0.00      0.00       209
         37       0.00      0.00      0.00        52
         38       0.00      0.00      0.00        88
         39       0.00      0.00      0.00       123
         40       0.00      0.00      0.00        75
         41       0.00      0.00      0.00       506
         42       0.00      0.00      0.00       125

avg / total       0.07      0.27      0.12     18384
Confusion Matix: 
[[0 0 0 ..., 0 0 0]
 [0 0 0 ..., 0 0 0]
 [0 0 0 ..., 0 0 0]
 ..., 
 [0 0 0 ..., 0 0 0]
 [0 0 0 ..., 0 0 0]
 [0 0 0 ..., 0 0 0]]
Accuracy: 0.270 (0.001)

========================================================


AdaBoostClassifier(algorithm='SAMME.R', base_estimator=None,
          learning_rate=1.0, n_estimators=50, random_state=None)Classifier score             precision    recall  f1-score   support

          1       0.00      0.00      0.00       619
          2       0.00      0.00      0.00        52
          3       0.00      0.00      0.00       139
          4       0.00      0.00      0.00       141
          5       0.00      0.00      0.00       206
          6       0.00      0.00      0.00        49
          7       0.00      0.00      0.00       220
          8       0.27      1.00      0.43      4972
          9       0.00      0.00      0.00      1062
         10       0.00      0.00      0.00      1652
         11       0.00      0.00      0.00       273
         12       0.00      0.00      0.00        65
         13       0.00      0.00      0.00       293
         14       0.00      0.00      0.00       214
         15       0.00      0.00      0.00       209
         16       0.00      0.00      0.00       103
         17       0.00      0.00      0.00        68
         18       0.00      0.00      0.00       153
         19       0.00      0.00      0.00       146
         20       0.00      0.00      0.00       344
         21       0.00      0.00      0.00       463
         22       0.00      0.00      0.00       240
         23       0.00      0.00      0.00       338
         24       0.00      0.00      0.00       149
         25       0.00      0.00      0.00       144
         26       0.00      0.00      0.00      1076
         27       0.00      0.00      0.00        92
         28       0.00      0.00      0.00        96
         29       0.00      0.00      0.00       338
         30       0.00      0.00      0.00       131
         31       0.00      0.00      0.00        40
         32       0.00      0.00      0.00       126
         33       0.00      0.00      0.00       273
         34       0.00      0.00      0.00       962
         35       1.00      0.00      0.00      1758
         36       0.00      0.00      0.00       209
         37       0.00      0.00      0.00        52
         38       0.00      0.00      0.00        88
         39       0.00      0.00      0.00       123
         40       0.00      0.00      0.00        75
         41       0.00      0.00      0.00       506
         42       0.20      0.01      0.02       125

avg / total       0.17      0.27      0.12     18384
Confusion Matix: 
[[0 0 0 ..., 0 0 0]
 [0 0 0 ..., 0 0 0]
 [0 0 0 ..., 0 0 0]
 ..., 
 [0 0 0 ..., 0 0 0]
 [0 0 0 ..., 0 0 0]
 [0 0 0 ..., 0 0 1]]
Accuracy: 0.258 (0.006)

========================================================


GaussianNB(priors=None)Classifier score             precision    recall  f1-score   support

          1       0.00      0.00      0.00       619
          2       0.00      0.00      0.00        52
          3       0.00      0.00      0.00       139
          4       0.00      0.00      0.00       141
          5       0.00      0.00      0.00       206
          6       0.00      0.00      0.00        49
          7       0.00      0.00      0.00       220
          8       0.30      0.00      0.00      4972
          9       0.00      0.00      0.00      1062
         10       0.14      0.00      0.01      1652
         11       0.00      0.00      0.00       273
         12       0.00      0.00      0.00        65
         13       0.00      0.00      0.00       293
         14       0.00      0.00      0.00       214
         15       0.00      0.00      0.00       209
         16       0.00      0.00      0.00       103
         17       0.02      0.06      0.03        68
         18       0.00      0.00      0.00       153
         19       0.00      0.00      0.00       146
         20       0.01      0.00      0.00       344
         21       0.00      0.00      0.00       463
         22       0.00      0.00      0.00       240
         23       0.03      0.00      0.01       338
         24       0.00      0.00      0.00       149
         25       0.03      0.01      0.02       144
         26       0.25      0.02      0.03      1076
         27       0.00      0.00      0.00        92
         28       0.02      0.01      0.01        96
         29       0.00      0.00      0.00       338
         30       0.00      0.00      0.00       131
         31       0.01      0.23      0.02        40
         32       0.00      0.00      0.00       126
         33       0.00      0.00      0.00       273
         34       0.00      0.00      0.00       962
         35       0.09      0.00      0.00      1758
         36       0.00      0.00      0.00       209
         37       0.00      0.90      0.01        52
         38       0.00      0.00      0.00        88
         39       0.02      0.01      0.01       123
         40       0.00      0.03      0.01        75
         41       0.08      0.00      0.00       506
         42       0.00      0.00      0.00       125

avg / total       0.12      0.01      0.00     18384
Confusion Matix: 
[[ 0  4  0 ..., 26  1  0]
 [ 0  0  0 ...,  1  0  0]
 [ 0  1  0 ...,  2  0  0]
 ..., 
 [ 0  2  0 ...,  2  0  0]
 [ 1  5  0 ..., 13  1  1]
 [ 0  1  0 ...,  3  0  0]]
Accuracy: 0.008 (0.001)

========================================================



Best Obtained Result: 0.270672
Best Classifer: SVC(C=1, cache_size=200, class_weight=None, coef0=0.0,
  decision_function_shape=None, degree=3, gamma=2, kernel='rbf',
  max_iter=-1, probability=False, random_state=None, shrinking=True,
  tol=0.001, verbose=False)