Welcome to Classical classification!
The working dir is: /home/aljaafn/Desktop/Sorted_images_family_level_with_aug_top20
The data has been divided with for 0.80 percent for training and 0.20 percent for testing

========================================================


KNeighborsClassifier(algorithm='auto', leaf_size=30, metric='minkowski',
           metric_params=None, n_jobs=1, n_neighbors=3, p=2,
           weights='uniform')Classifier score             precision    recall  f1-score   support

          1       0.05      0.09      0.06       698
          2       0.04      0.10      0.06       223
          3       0.03      0.05      0.04       226
          4       0.33      0.59      0.42      4895
          5       0.10      0.10      0.10      1059
          6       0.13      0.11      0.12      1636
          7       0.10      0.05      0.07       310
          8       0.04      0.02      0.02       286
          9       0.04      0.02      0.03       208
         10       0.04      0.02      0.02       308
         11       0.02      0.01      0.01       455
         12       0.08      0.04      0.05       238
         13       0.03      0.01      0.01       291
         14       0.13      0.05      0.07      1125
         15       0.09      0.02      0.04       341
         16       0.02      0.00      0.01       292
         17       0.16      0.04      0.06      1016
         18       0.16      0.06      0.08      1717
         19       0.00      0.00      0.00       234
         20       0.06      0.01      0.01       499

avg / total       0.17      0.22      0.17     16057
Confusion Matix: 
[[  66   26   22  376   47   53   13    5    5    7    5    4    7   15
     2    1   12   24    1    7]
 [  19   23    4  117   12   12    1    4    1    1    3    0    3    7
     4    1    5    6    0    0]
 [  18    7   12  137    4   14    2    1    2    4    2    5    2    4
     1    0    3    8    0    0]
 [ 435  130  129 2879  283  403   34   37   21   33   61   27   27  106
    25   11   69  167    0   18]
 [  98   23   24  556  106   79   16    8    4   10   10    6    8   41
     4    3   19   33    4    7]
 [ 146   41   41  894   99  175   13   17    7   21   17    6    8   36
    10    5   20   74    1    5]
 [  26    8    6  176   27   13   17    0    1    5    1    1    0   12
     0    0    6    8    0    3]
 [  25   17    7  145   20   28    2    5    2    3    2    5    4    7
     0    0    4   10    0    0]
 [  16   10    4  117    5   18    4    1    4    2    3    2    1    7
     0    0    6    7    0    1]
 [  36   10    8  160   11   29    4    1    4    5    3    5    3    6
     5    1    6   10    0    1]
 [  25   12   25  285   29   26    5    4    2    5    4    2    6    4
     3    1    4   12    0    1]
 [  17    9   11  118   18   21    2    3    4    2    1    9    2    6
     2    0    0   12    0    1]
 [  33   14    7  156   26   18    4    7    1    0    3    3    3    5
     2    2    2    3    0    2]
 [ 108   30   23  591  115   88    8   11    4    8    9   12    8   54
     4    0   11   34    1    6]
 [  30   20   14  178   23   19    2    2    2    1    6    3    1    7
     8    1    6   14    2    2]
 [  25   10    9  162   18   30    4    4    4    1    0    0    5    3
     1    1    5   10    0    0]
 [  89   39   24  504   73   88   12    7    9   10   20   12    8   20
     7    5   40   42    1    6]
 [ 158   66   45  890  102  144   17   20   23   21   27   11    7   49
     4    7   22   98    1    5]
 [  17   12    5  139   12   15    0    1    2    1    2    2    5    6
     2    0    6    6    0    1]
 [  59   14   19  268   35   43    5    1    2    1    7    1    2   11
     1    2    6   18    0    4]]
Accuracy: 0.217 (0.008)

========================================================


SVC(C=0.025, cache_size=200, class_weight=None, coef0=0.0,
  decision_function_shape=None, degree=3, gamma='auto', kernel='linear',
  max_iter=-1, probability=False, random_state=None, shrinking=True,
  tol=0.001, verbose=False)Classifier score             precision    recall  f1-score   support

          1       0.00      0.00      0.00       698
          2       0.00      0.00      0.00       223
          3       0.00      0.00      0.00       226
          4       0.30      1.00      0.47      4895
          5       0.00      0.00      0.00      1059
          6       0.00      0.00      0.00      1636
          7       0.00      0.00      0.00       310
          8       0.00      0.00      0.00       286
          9       0.00      0.00      0.00       208
         10       0.00      0.00      0.00       308
         11       0.00      0.00      0.00       455
         12       0.00      0.00      0.00       238
         13       0.00      0.00      0.00       291
         14       0.00      0.00      0.00      1125
         15       0.00      0.00      0.00       341
         16       0.00      0.00      0.00       292
         17       0.00      0.00      0.00      1016
         18       0.00      0.00      0.00      1717
         19       0.00      0.00      0.00       234
         20       0.00      0.00      0.00       499

avg / total       0.09      0.30      0.14     16057
Confusion Matix: 
[[   0    0    0  698    0    0    0    0    0    0    0    0    0    0
     0    0    0    0    0    0]
 [   0    0    0  223    0    0    0    0    0    0    0    0    0    0
     0    0    0    0    0    0]
 [   0    0    0  226    0    0    0    0    0    0    0    0    0    0
     0    0    0    0    0    0]
 [   0    0    0 4895    0    0    0    0    0    0    0    0    0    0
     0    0    0    0    0    0]
 [   0    0    0 1059    0    0    0    0    0    0    0    0    0    0
     0    0    0    0    0    0]
 [   0    0    0 1636    0    0    0    0    0    0    0    0    0    0
     0    0    0    0    0    0]
 [   0    0    0  310    0    0    0    0    0    0    0    0    0    0
     0    0    0    0    0    0]
 [   0    0    0  286    0    0    0    0    0    0    0    0    0    0
     0    0    0    0    0    0]
 [   0    0    0  208    0    0    0    0    0    0    0    0    0    0
     0    0    0    0    0    0]
 [   0    0    0  308    0    0    0    0    0    0    0    0    0    0
     0    0    0    0    0    0]
 [   0    0    0  455    0    0    0    0    0    0    0    0    0    0
     0    0    0    0    0    0]
 [   0    0    0  238    0    0    0    0    0    0    0    0    0    0
     0    0    0    0    0    0]
 [   0    0    0  291    0    0    0    0    0    0    0    0    0    0
     0    0    0    0    0    0]
 [   0    0    0 1125    0    0    0    0    0    0    0    0    0    0
     0    0    0    0    0    0]
 [   0    0    0  341    0    0    0    0    0    0    0    0    0    0
     0    0    0    0    0    0]
 [   0    0    0  292    0    0    0    0    0    0    0    0    0    0
     0    0    0    0    0    0]
 [   0    0    0 1016    0    0    0    0    0    0    0    0    0    0
     0    0    0    0    0    0]
 [   0    0    0 1717    0    0    0    0    0    0    0    0    0    0
     0    0    0    0    0    0]
 [   0    0    0  234    0    0    0    0    0    0    0    0    0    0
     0    0    0    0    0    0]
 [   0    0    0  499    0    0    0    0    0    0    0    0    0    0
     0    0    0    0    0    0]]
Accuracy: 0.305 (0.001)

========================================================


SVC(C=1, cache_size=200, class_weight=None, coef0=0.0,
  decision_function_shape=None, degree=3, gamma=2, kernel='rbf',
  max_iter=-1, probability=False, random_state=None, shrinking=True,
  tol=0.001, verbose=False)Classifier score             precision    recall  f1-score   support

          1       0.00      0.00      0.00       698
          2       0.00      0.00      0.00       223
          3       0.00      0.00      0.00       226
          4       0.31      1.00      0.47      4895
          5       0.00      0.00      0.00      1059
          6       0.30      0.00      0.01      1636
          7       0.00      0.00      0.00       310
          8       0.00      0.00      0.00       286
          9       0.00      0.00      0.00       208
         10       0.00      0.00      0.00       308
         11       0.00      0.00      0.00       455
         12       0.00      0.00      0.00       238
         13       0.00      0.00      0.00       291
         14       0.90      0.02      0.03      1125
         15       0.00      0.00      0.00       341
         16       0.00      0.00      0.00       292
         17       0.00      0.00      0.00      1016
         18       0.00      0.00      0.00      1717
         19       0.00      0.00      0.00       234
         20       0.00      0.00      0.00       499

avg / total       0.19      0.31      0.15     16057
Confusion Matix: 
[[   0    0    0  698    0    0    0    0    0    0    0    0    0    0
     0    0    0    0    0    0]
 [   0    0    0  223    0    0    0    0    0    0    0    0    0    0
     0    0    0    0    0    0]
 [   0    0    0  226    0    0    0    0    0    0    0    0    0    0
     0    0    0    0    0    0]
 [   0    0    0 4891    0    4    0    0    0    0    0    0    0    0
     0    0    0    0    0    0]
 [   0    0    0 1058    0    1    0    0    0    0    0    0    0    0
     0    0    0    0    0    0]
 [   0    0    0 1630    0    6    0    0    0    0    0    0    0    0
     0    0    0    0    0    0]
 [   0    0    0  309    0    1    0    0    0    0    0    0    0    0
     0    0    0    0    0    0]
 [   0    0    0  286    0    0    0    0    0    0    0    0    0    0
     0    0    0    0    0    0]
 [   0    0    0  208    0    0    0    0    0    0    0    0    0    0
     0    0    0    0    0    0]
 [   0    0    0  308    0    0    0    0    0    0    0    0    0    0
     0    0    0    0    0    0]
 [   0    0    0  454    0    0    0    0    0    0    0    0    0    1
     0    0    0    0    0    0]
 [   0    0    0  238    0    0    0    0    0    0    0    0    0    0
     0    0    0    0    0    0]
 [   0    0    0  289    0    2    0    0    0    0    0    0    0    0
     0    0    0    0    0    0]
 [   0    0    0 1106    0    1    0    0    0    0    0    0    0   18
     0    0    0    0    0    0]
 [   0    0    0  340    0    1    0    0    0    0    0    0    0    0
     0    0    0    0    0    0]
 [   0    0    0  292    0    0    0    0    0    0    0    0    0    0
     0    0    0    0    0    0]
 [   0    0    0 1016    0    0    0    0    0    0    0    0    0    0
     0    0    0    0    0    0]
 [   0    0    0 1715    0    2    0    0    0    0    0    0    0    0
     0    0    0    0    0    0]
 [   0    0    0  233    0    0    0    0    0    0    0    0    0    1
     0    0    0    0    0    0]
 [   0    0    0  497    0    2    0    0    0    0    0    0    0    0
     0    0    0    0    0    0]]
Accuracy: 0.305 (0.001)

========================================================


DecisionTreeClassifier(class_weight=None, criterion='gini', max_depth=5,
            max_features=None, max_leaf_nodes=None,
            min_impurity_split=1e-07, min_samples_leaf=1,
            min_samples_split=2, min_weight_fraction_leaf=0.0,
            presort=False, random_state=None, splitter='best')Classifier score             precision    recall  f1-score   support

          1       0.00      0.00      0.00       698
          2       0.00      0.00      0.00       223
          3       0.00      0.00      0.00       226
          4       0.31      1.00      0.47      4895
          5       0.00      0.00      0.00      1059
          6       0.00      0.00      0.00      1636
          7       0.38      0.04      0.06       310
          8       0.00      0.00      0.00       286
          9       0.00      0.00      0.00       208
         10       0.00      0.00      0.00       308
         11       0.00      0.00      0.00       455
         12       0.00      0.00      0.00       238
         13       0.00      0.00      0.00       291
         14       0.92      0.01      0.02      1125
         15       0.00      0.00      0.00       341
         16       0.00      0.00      0.00       292
         17       0.50      0.00      0.01      1016
         18       0.00      0.00      0.00      1717
         19       0.00      0.00      0.00       234
         20       0.00      0.00      0.00       499

avg / total       0.20      0.31      0.15     16057
Confusion Matix: 
[[   0    0    0  698    0    0    0    0    0    0    0    0    0    0
     0    0    0    0    0    0]
 [   0    0    0  220    0    3    0    0    0    0    0    0    0    0
     0    0    0    0    0    0]
 [   0    0    0  226    0    0    0    0    0    0    0    0    0    0
     0    0    0    0    0    0]
 [   0    0    0 4889    0    2    3    0    0    0    0    0    0    1
     0    0    0    0    0    0]
 [   0    0    0 1054    0    4    1    0    0    0    0    0    0    0
     0    0    0    0    0    0]
 [   0    0    0 1631    0    0    4    0    0    0    0    0    0    0
     0    0    1    0    0    0]
 [   0    0    0  299    0    0   11    0    0    0    0    0    0    0
     0    0    0    0    0    0]
 [   0    0    0  286    0    0    0    0    0    0    0    0    0    0
     0    0    0    0    0    0]
 [   0    0    0  208    0    0    0    0    0    0    0    0    0    0
     0    0    0    0    0    0]
 [   0    0    0  308    0    0    0    0    0    0    0    0    0    0
     0    0    0    0    0    0]
 [   0    0    0  454    0    0    1    0    0    0    0    0    0    0
     0    0    0    0    0    0]
 [   0    0    0  238    0    0    0    0    0    0    0    0    0    0
     0    0    0    0    0    0]
 [   0    0    0  289    0    0    1    0    0    0    0    0    0    0
     0    0    1    0    0    0]
 [   0    0    0 1106    0    2    6    0    0    0    0    0    0   11
     0    0    0    0    0    0]
 [   0    0    0  340    0    1    0    0    0    0    0    0    0    0
     0    0    0    0    0    0]
 [   0    0    0  291    0    0    1    0    0    0    0    0    0    0
     0    0    0    0    0    0]
 [   0    0    0 1013    0    0    0    0    0    0    0    0    0    0
     0    0    3    0    0    0]
 [   0    0    0 1717    0    0    0    0    0    0    0    0    0    0
     0    0    0    0    0    0]
 [   0    0    0  233    0    0    0    0    0    0    0    0    0    0
     0    0    1    0    0    0]
 [   0    0    0  498    0    0    1    0    0    0    0    0    0    0
     0    0    0    0    0    0]]
Accuracy: 0.305 (0.002)

========================================================


RandomForestClassifier(bootstrap=True, class_weight=None, criterion='gini',
            max_depth=5, max_features=1, max_leaf_nodes=None,
            min_impurity_split=1e-07, min_samples_leaf=1,
            min_samples_split=2, min_weight_fraction_leaf=0.0,
            n_estimators=3, n_jobs=1, oob_score=False, random_state=None,
            verbose=0, warm_start=False)Classifier score             precision    recall  f1-score   support

          1       0.00      0.00      0.00       698
          2       0.00      0.00      0.00       223
          3       0.00      0.00      0.00       226
          4       0.30      1.00      0.47      4895
          5       0.33      0.00      0.00      1059
          6       0.00      0.00      0.00      1636
          7       0.00      0.00      0.00       310
          8       0.00      0.00      0.00       286
          9       0.00      0.00      0.00       208
         10       0.00      0.00      0.00       308
         11       0.00      0.00      0.00       455
         12       0.00      0.00      0.00       238
         13       0.00      0.00      0.00       291
         14       0.00      0.00      0.00      1125
         15       0.00      0.00      0.00       341
         16       0.00      0.00      0.00       292
         17       0.50      0.00      0.00      1016
         18       0.00      0.00      0.00      1717
         19       0.00      0.00      0.00       234
         20       0.00      0.00      0.00       499

avg / total       0.15      0.30      0.14     16057
Confusion Matix: 
[[   0    0    0  694    1    0    0    0    0    0    0    0    0    2
     0    0    0    1    0    0]
 [   0    0    0  223    0    0    0    0    0    0    0    0    0    0
     0    0    0    0    0    0]
 [   0    0    0  226    0    0    0    0    0    0    0    0    0    0
     0    0    0    0    0    0]
 [   0    0    0 4890    1    0    0    0    0    0    0    0    0    3
     0    0    0    1    0    0]
 [   0    0    0 1057    1    0    0    0    0    0    0    0    0    1
     0    0    0    0    0    0]
 [   1    0    0 1633    0    0    0    0    0    0    0    0    0    1
     0    0    0    1    0    0]
 [   0    0    0  309    0    0    0    0    0    0    0    0    0    1
     0    0    0    0    0    0]
 [   0    0    0  286    0    0    0    0    0    0    0    0    0    0
     0    0    0    0    0    0]
 [   0    0    0  208    0    0    0    0    0    0    0    0    0    0
     0    0    0    0    0    0]
 [   0    0    0  308    0    0    0    0    0    0    0    0    0    0
     0    0    0    0    0    0]
 [   0    0    0  454    0    0    0    0    0    0    0    0    0    0
     0    0    0    1    0    0]
 [   0    0    0  238    0    0    0    0    0    0    0    0    0    0
     0    0    0    0    0    0]
 [   0    0    0  291    0    0    0    0    0    0    0    0    0    0
     0    0    0    0    0    0]
 [   0    0    0 1124    0    0    0    0    0    0    0    0    0    0
     0    0    1    0    0    0]
 [   0    0    0  341    0    0    0    0    0    0    0    0    0    0
     0    0    0    0    0    0]
 [   0    0    0  292    0    0    0    0    0    0    0    0    0    0
     0    0    0    0    0    0]
 [   0    0    0 1014    0    0    0    0    0    0    0    0    0    0
     0    0    1    1    0    0]
 [   0    0    0 1717    0    0    0    0    0    0    0    0    0    0
     0    0    0    0    0    0]
 [   0    0    0  234    0    0    0    0    0    0    0    0    0    0
     0    0    0    0    0    0]
 [   0    0    0  497    0    0    0    0    0    0    0    0    0    1
     0    0    0    1    0    0]]
Accuracy: 0.304 (0.001)

========================================================


MLPClassifier(activation='relu', alpha=1, batch_size='auto', beta_1=0.9,
       beta_2=0.999, early_stopping=False, epsilon=1e-08,
       hidden_layer_sizes=(100,), learning_rate='constant',
       learning_rate_init=0.001, max_iter=200, momentum=0.9,
       nesterovs_momentum=True, power_t=0.5, random_state=None,
       shuffle=True, solver='adam', tol=0.0001, validation_fraction=0.1,
       verbose=False, warm_start=False)Classifier score             precision    recall  f1-score   support

          1       0.00      0.00      0.00       698
          2       0.00      0.00      0.00       223
          3       0.00      0.00      0.00       226
          4       0.30      1.00      0.47      4895
          5       0.00      0.00      0.00      1059
          6       0.00      0.00      0.00      1636
          7       0.00      0.00      0.00       310
          8       0.00      0.00      0.00       286
          9       0.00      0.00      0.00       208
         10       0.00      0.00      0.00       308
         11       0.00      0.00      0.00       455
         12       0.00      0.00      0.00       238
         13       0.00      0.00      0.00       291
         14       0.00      0.00      0.00      1125
         15       0.00      0.00      0.00       341
         16       0.00      0.00      0.00       292
         17       0.00      0.00      0.00      1016
         18       0.00      0.00      0.00      1717
         19       0.00      0.00      0.00       234
         20       0.00      0.00      0.00       499

avg / total       0.09      0.30      0.14     16057
Confusion Matix: 
[[   0    0    0  698    0    0    0    0    0    0    0    0    0    0
     0    0    0    0    0    0]
 [   0    0    0  223    0    0    0    0    0    0    0    0    0    0
     0    0    0    0    0    0]
 [   0    0    0  226    0    0    0    0    0    0    0    0    0    0
     0    0    0    0    0    0]
 [   0    0    0 4895    0    0    0    0    0    0    0    0    0    0
     0    0    0    0    0    0]
 [   0    0    0 1059    0    0    0    0    0    0    0    0    0    0
     0    0    0    0    0    0]
 [   0    0    0 1636    0    0    0    0    0    0    0    0    0    0
     0    0    0    0    0    0]
 [   0    0    0  310    0    0    0    0    0    0    0    0    0    0
     0    0    0    0    0    0]
 [   0    0    0  286    0    0    0    0    0    0    0    0    0    0
     0    0    0    0    0    0]
 [   0    0    0  208    0    0    0    0    0    0    0    0    0    0
     0    0    0    0    0    0]
 [   0    0    0  308    0    0    0    0    0    0    0    0    0    0
     0    0    0    0    0    0]
 [   0    0    0  455    0    0    0    0    0    0    0    0    0    0
     0    0    0    0    0    0]
 [   0    0    0  238    0    0    0    0    0    0    0    0    0    0
     0    0    0    0    0    0]
 [   0    0    0  291    0    0    0    0    0    0    0    0    0    0
     0    0    0    0    0    0]
 [   0    0    0 1125    0    0    0    0    0    0    0    0    0    0
     0    0    0    0    0    0]
 [   0    0    0  341    0    0    0    0    0    0    0    0    0    0
     0    0    0    0    0    0]
 [   0    0    0  292    0    0    0    0    0    0    0    0    0    0
     0    0    0    0    0    0]
 [   0    0    0 1016    0    0    0    0    0    0    0    0    0    0
     0    0    0    0    0    0]
 [   0    0    0 1717    0    0    0    0    0    0    0    0    0    0
     0    0    0    0    0    0]
 [   0    0    0  234    0    0    0    0    0    0    0    0    0    0
     0    0    0    0    0    0]
 [   0    0    0  499    0    0    0    0    0    0    0    0    0    0
     0    0    0    0    0    0]]
Accuracy: 0.305 (0.001)

========================================================


AdaBoostClassifier(algorithm='SAMME.R', base_estimator=None,
          learning_rate=1.0, n_estimators=50, random_state=None)Classifier score             precision    recall  f1-score   support

          1       0.00      0.00      0.00       698
          2       0.00      0.00      0.00       223
          3       0.00      0.00      0.00       226
          4       0.31      1.00      0.47      4895
          5       0.00      0.00      0.00      1059
          6       0.00      0.00      0.00      1636
          7       0.00      0.00      0.00       310
          8       0.00      0.00      0.00       286
          9       0.00      0.00      0.00       208
         10       0.00      0.00      0.00       308
         11       0.00      0.00      0.00       455
         12       0.00      0.00      0.00       238
         13       0.00      0.00      0.00       291
         14       0.60      0.02      0.03      1125
         15       0.00      0.00      0.00       341
         16       0.00      0.00      0.00       292
         17       0.00      0.00      0.00      1016
         18       0.00      0.00      0.00      1717
         19       0.00      0.00      0.00       234
         20       0.00      0.00      0.00       499

avg / total       0.14      0.31      0.14     16057
Confusion Matix: 
[[   0    0    0  696    0    0    0    0    0    0    0    0    0    2
     0    0    0    0    0    0]
 [   0    0    0  223    0    0    0    0    0    0    0    0    0    0
     0    0    0    0    0    0]
 [   0    0    0  226    0    0    0    0    0    0    0    0    0    0
     0    0    0    0    0    0]
 [   0    0    0 4890    0    0    0    0    1    0    0    0    0    4
     0    0    0    0    0    0]
 [   0    0    0 1055    0    0    0    0    0    1    0    0    0    3
     0    0    0    0    0    0]
 [   0    0    0 1633    0    0    0    0    0    2    0    0    0    1
     0    0    0    0    0    0]
 [   0    0    0  310    0    0    0    0    0    0    0    0    0    0
     0    0    0    0    0    0]
 [   0    0    0  286    0    0    0    0    0    0    0    0    0    0
     0    0    0    0    0    0]
 [   0    0    0  208    0    0    0    0    0    0    0    0    0    0
     0    0    0    0    0    0]
 [   0    0    0  308    0    0    0    0    0    0    0    0    0    0
     0    0    0    0    0    0]
 [   0    0    0  454    0    0    0    0    0    0    0    0    0    1
     0    0    0    0    0    0]
 [   0    0    0  238    0    0    0    0    0    0    0    0    0    0
     0    0    0    0    0    0]
 [   0    0    0  291    0    0    0    0    0    0    0    0    0    0
     0    0    0    0    0    0]
 [   0    0    0 1106    0    0    0    0    0    1    0    0    0   18
     0    0    0    0    0    0]
 [   0    0    0  340    1    0    0    0    0    0    0    0    0    0
     0    0    0    0    0    0]
 [   0    0    0  290    0    0    0    0    0    0    0    0    1    1
     0    0    0    0    0    0]
 [   0    0    0 1015    0    0    0    0    0    1    0    0    0    0
     0    0    0    0    0    0]
 [   0    0    0 1717    0    0    0    0    0    0    0    0    0    0
     0    0    0    0    0    0]
 [   0    0    0  233    1    0    0    0    0    0    0    0    0    0
     0    0    0    0    0    0]
 [   0    0    0  499    0    0    0    0    0    0    0    0    0    0
     0    0    0    0    0    0]]
Accuracy: 0.299 (0.005)

========================================================


GaussianNB(priors=None)Classifier score             precision    recall  f1-score   support

          1       0.07      0.00      0.01       698
          2       0.00      0.00      0.00       223
          3       0.02      0.06      0.03       226
          4       0.47      0.00      0.01      4895
          5       0.17      0.00      0.00      1059
          6       0.13      0.00      0.01      1636
          7       0.02      0.02      0.02       310
          8       0.04      0.00      0.01       286
          9       0.01      0.89      0.03       208
         10       0.01      0.01      0.01       308
         11       0.00      0.00      0.00       455
         12       0.00      0.00      0.00       238
         13       0.03      0.05      0.04       291
         14       0.22      0.02      0.04      1125
         15       0.02      0.01      0.02       341
         16       0.01      0.01      0.01       292
         17       0.00      0.00      0.00      1016
         18       0.14      0.00      0.01      1717
         19       0.04      0.06      0.05       234
         20       0.02      0.00      0.00       499

avg / total       0.20      0.02      0.01     16057
Confusion Matix: 
[[   3    0   34    2    0    0    7    1  569   10    3    4   14    5
     8   13    3    1   21    0]
 [   0    0   13    0    0    1    3    0  168    3    0    2   14    1
     4    3    0    1   10    0]
 [   1    0   13    0    0    1    1    1  189    5    1    1    1    0
     2    1    0    0    7    2]
 [  14   18  187   22    4   19   97    5 3939   67    7   29  189   39
    65   54    9   13   96   22]
 [   0    2   62    1    2    5   19    0  835   16    3    6   30    9
    24   13    2    1   25    4]
 [   4    6   65    6    2    6   35    5 1315   31    3    8   51    9
    18   18    4    3   43    4]
 [   1    0   10    1    0    1    6    0  251    3    1    1   16    1
     3    5    0    1    8    1]
 [   1    0   15    0    1    0    6    1  226    1    0    2    8    3
     5    2    0    1   14    0]
 [   1    0    6    0    0    0    1    1  185    2    0    0    2    2
     2    1    0    0    5    0]
 [   0    2   11    1    0    0    7    1  263    3    0    0   11    1
     2    1    1    0    4    0]
 [   2    0   12    1    0    0    5    0  399    2    0    2    9    2
     1    6    0    3   10    1]
 [   0    1    9    0    0    1    5    1  206    0    1    0    3    0
     3    2    0    1    5    0]
 [   1    0   11    1    0    1    1    0  238    2    0    0   14    1
     6    1    1    0   10    3]
 [   4    3   47    4    1    5   15    3  898   18    2   10   32   25
    19   14    0    3   22    0]
 [   0    1   20    0    0    0    8    0  288    3    0    0    5    1
     5    2    1    0    5    2]
 [   2    1   12    0    0    0    4    1  243    5    1    1    8    2
     3    2    0    0    7    0]
 [   3    0   34    1    1    2    9    1  885   14    2    4   19    3
     9    7    0    2   14    6]
 [   5    3   55    5    1    3   23    3 1487   25    3    4   40    8
    14   13    2    5   15    3]
 [   0    0    9    1    0    0    7    0  178    2    1    0   10    0
     5    3    2    1   14    1]
 [   1    1   20    1    0    1    6    2  428    5    3    3    7    1
     6    2    0    1   10    1]]
Accuracy: 0.019 (0.001)

========================================================



Best Obtained Result: 0.305290
Best Classifer: DecisionTreeClassifier(class_weight=None, criterion='gini', max_depth=5,
            max_features=None, max_leaf_nodes=None,
            min_impurity_split=1e-07, min_samples_leaf=1,
            min_samples_split=2, min_weight_fraction_leaf=0.0,
            presort=False, random_state=None, splitter='best')