[30  0  2  6  1  0  4  3  0  3  0  6  1  3  0  0  2  1 21  2  0  1  0  0  0
  8  2  0  0  0  6]
[ 4  4 26  0  3  4  4 15 12  4 13 18  0  6 13 11 21  8  3 11  6  9 12  0 14
  7  3 11  3  0  2]
[ 1  0 41  0  4  4  2 17  1  2  4 10  0  2  1  0  8  2  0  1  3  3  5  0  6
  1  4  4  0  1  1]
[12  0  4 43  0  4  6  1  0  0  0 10  1 16  1  1  2  1 23  1  1  0  0  0  0
 10  7  6  0  0  7]
[ 2  0  7  0 11  3  1 11  0 12  2  3  1  1 11  6  8  1  3  5  2  3 14  0 10
  3  2 11  2  0  4]
[ 3  0  0  0  1 27  1  4  0  6  0  6  0  1  0  1  8  0  1  3  1  1  0  0  4
  0  0  0  0  0  0]
[ 2  0  1  2  0  0 38  2  0  0  2  1  0  2  1  0  0  1  3  1  0  0  1  0  0
  3  2  3  3  0  2]
[ 2  0 13  0  2  3  0 45  5  9  4  3  0  0  1  1 10  4  0  2  7  3  4  1 13
  0  2  3  1  1  0]
[ 0  0  0  0  0  1  0  4 54  1  2  2  0  0  0  1  9  0  0  2  0  0  0  0  1
  0  2  2  0  0  0]
[ 1  0  3  0  2  2  0  8  2 35  0  6  0  0  1  5 11  1  0  1  0  3  1  0  5
  1  0  0  0  0  0]
[ 3  0  0  0  1  1  1  1  0  5 30  2  1  1  0  1  2  1  0  0  2  0  2  0  0
  2  1  2  0  0  1]
[ 1  0  5  0  0  1  3  0  1  1  1 31  0  1  0  1  3  0  1  7  0  1  0  0  2
  3  3  6  0  0  0]
[ 5  0  9  4  0  4 10  7  2  1  3 13 17 11  2  0  4  3 11  0  1  3  0  0  4
  6  7 14  0  0  2]
[ 6  0  3  9  0  0  8  2  2  1  0  0  1 62  1  0  0  0 10  0  0  0  0  0  0
  8  2  2  0  0  1]
[ 9  3 41  9  5 17 30 22 20 15 10 27  2  7 72  9 13 15 11 24 11 10  6  1 22
  8  9 36 10  0 13]
[ 1  0  3  0  2  5  4 17  6 27  5 12  1  1  3 32 12  1  1  5  0 13 11  0  6
  4  1  6  2  1  0]
[ 0  0  1  0  1  3  0  2  5  2  1  2  0  0  0  1 39  0  0  1  0  4  1  0  2
  0  0  0  0  0  0]
[  8   0  13   6   3   9   6  57   9  14  29  35   5   1   5  21  10 120
   2  15   9  14  12   1  32   5  21  61   5   0   0]
[22  0  4 15  0  3 10  1  0  1  1  7  9  6  0  3  4  4 65  3  0  1  1  0  1
  2  4  3  0  0 13]
[ 1  0  2  0  0  0  0  5  1  1  2  5  0  0  2  1  8  3  0 31  0  1  2  0  5
  0  1  7  0  1  0]
[ 1  0  2  0  3  2  4 11  0  3  5  3  0  2  8  8  3  3  2  2 23  2  5  0  2
  0  6  9  0  0  0]
[ 22   4  38   6   8  28  22  51  24 101  19  88   6  12  17  36  76   7
  15  32   8 103  15   1  53  27  18  17   5   4  11]
[ 0  0  2  0  3  1  5  7  2  2  0  0  1  0  3  0  3  0  0  1  0  0 33  0  6
  0  0  0  0  0  0]
[ 72   1 118  21  27  44 113 100  50  79 114 187  91  47  85  94  69 143
  62  84  43  76  29  34  73 133 102 267  29   8  45]
[ 2  0 16  0  3  6  0 18 11 26  0  8  0  0  5  7 22  3  0 22  1  5  7  0 75
  5  2  7  6  0  4]
[10  0  2  0  0  0  0  2  1  0  0  3  0  2  1  0  4  0  2  1  0  1  1  0  0
 41  1  7  0  0  0]
[24  0 31 25  2  7  8 23 10 10 11 55 21 13  5 10 13 35 24  6  1 11  4  1  3
 30 73 77  3  1  4]
[ 2  0  5  0  0  2  2  8  3  2  2 10  2  2  1  1  0  6  1  6  0  1  0  0  1
  0  5 35  0  0  3]
[ 5  0 13  0  6  4  6 24  9 17 17 28  2  2  9 14 12 13  4 34  4  6  7  0 40
  3  5  6 24  0  0]
[  0   0   0   0   0   0   0   0   0   0   0   1   0   0   0   0   0   0
   0   5   0   0   0   0   0   0   0   0   0 835   0]
[ 4  0  1  0  0  1  1  1  2  0  0  1  0  4  4  1  0  0  3  3  1  0  1  0  7
  2  0  0  0  0 26]
Converted 2 variables to const ops.
