[48  6 10  2  1  9  0  0 10  3  0  2  5  3  0  4  8  3  3  0]
[ 33 111  22   5  13  48  13   5  17  18  18  10  25   8  14  33  25  21
  35   0]
[ 8  0 83  0  1 17 11  0  5 12  2  4  1  2  0  2  3  3  8  1]
[ 0  0  3 83  9  2  1  1  0  2 11  0  0  0  8  5  3  1  0  0]
[ 0  0  1  7 39  2  2  0  2  0 16  0  7  1 29  3  3  4  1  1]
[27  7 24 11  5 84 11  2 10 24  6  6  4  6  4  8  8 18 13  1]
[ 7  1 10  0  5 11 27  0  2 15  6  4  4  2  1  3  3  4  6  1]
[174  77 110  94 100 180  66  66 118 115  96 206 271  16  91 171 229 132
 130   3]
[ 8  8 15  4  5 15  3  1 48 16  1  7  5  2  0  4  7  6  1  0]
[ 6  2 19  0  8 15  2  0 23 90  2  7  3  5  0  6  6  9 31  0]
[ 0  0  1 19 15  4  1  1  0  2 67  3  3  0 27  4 12  1  0  0]
[ 33   4  59   4  11  25  10   4  13  32   8 160  13   3   3  41  47  13
  22   3]
[ 1  1  6 20  6  4  1  2  1  3 11  6 32  0 12  5 14  2  2  0]
[10 14 20  6  1 12  3  0  6 16  2  6  3 22  0 13  5  7  6  0]
[ 0  1  2  6  9  3  4  0  2  1 21  1  8  0 84  0  4  1  1  0]
[ 1  1 11  1  5  4  2  0  1  2  4  4  5  0  4 45  7  3  8  0]
[ 21   3  15  23  32  25  13   4   8   7  66  37  54   1  24  57 143  16
  16   0]
[ 26  14  68  25  34 108  37   2  63  74  19  10  45  11  28  13  41 205
  46   1]
[12  8 20  4 14 26  6  2 29 38  7 11  9  8  6  7 23 13 88  0]
[  0   0   0   0   2   0   0   0   0   0   0   0   0   0   0   0   0   0
   0 787]
Converted 2 variables to const ops.
