[49  9  5  1  3  4  4  5 10  2  1  4  4  4  1  3  7  0  1  0]
[ 29 149  14   3  15  25  18  17  20  20  11   9  11  34  10  34  23  17
  15   0]
[ 4  2 87  0  1  2  9  5  6  9  2  4  0 14  1  4  3  1  8  1]
[ 0  0  3 88  7  1  2  3  0  3 11  0  0  0  9  2  0  0  0  0]
[ 0  2  1  4 59  1  1  3  0  0 11  0  2  2 22  2  5  2  0  1]
[19 18 17  8  3 60 14  7 20 19  5  4  0 27  3 13 11 15 16  0]
[ 1  1 12  2  4  2 49  2  5  8  5  2  2  7  1  3  2  0  3  1]
[103  97  86  62 106  61  99 408 130 101  83 230 148  73  78 168 208  97
 105   2]
[ 7  5 11  1  8  3  3  8 63 15  1  6  2  7  0  4  5  4  3  0]
[  5   3  17   1   8   9   3   0  23 109   1   5   4  10   0   7   3   5
  21   0]
[ 0  0  2 10 17  1  2  2  0  1 83  1  1  0 28  3  8  1  0  0]
[ 20   4  44   2  15   7  15  27  12  22   3 191   8   9   4  51  40  10
  23   1]
[ 2  2  2 10 11  1  2 13  1  0 11  5 35  0 11  8 10  2  3  0]
[ 8  7 12  2  1  3  5  2  8  9  0  5  3 65  1 14  3  2  2  0]
[ 0  2  3  1 15  0  3  1  2  1 18  0  4  1 91  1  2  3  0  0]
[ 1  0  8  1  4  1  7  1  3  3  5  2  3  1  2 57  4  0  5  0]
[ 11   4  12  17  41  10  17  17   8  10  52  39  29   8  22  59 190  11
   8   0]
[ 26  27  60  10  32  61  44  27  77  69  19  13  15  48  23  18  47 217
  37   0]
[11  9 16  2 18 12  9  8 25 39  4 13  3 21  5 16 16 10 94  0]
[  0   0   0   0   2   0   0   0   0   0   0   0   0   0   0   0   0   0
   0 787]
Converted 2 variables to const ops.
