[16  0  1  0  0  0  0  1  0  1  0  1  1  0  3  2  0  1  0  1  0  0  0  0  0
  2  2  0  0  2  1  1  2  0  0  0  0  1  0  0  0  0]
[ 2 20  0  0  1  2  4  0  0  2  7  1  0  2  2  6  2  1  7  3  2  0  0  0  2
  1  0 22  0  1  0  1  0  0  0  8  0  0  8  0  0 11]
[ 4  1 22  0  0  0  0  0  0  5  0  0  6  1  0  2  0  0  0  0  0  0  1  0  0
  1  1  0  1  2  0  0  0  0  0  0  0  0  1  0  0  0]
[2 1 1 6 2 0 0 0 0 2 0 1 1 2 3 4 0 4 0 0 0 0 1 2 0 0 2 0 1 2 0 0 0 0 3 0 0
 0 0 0 0 2]
[ 2  0  0  5 14  4  3  2  1  9  3  5  1  3  1  5  8  2  2  1  0  1  2  3  0
  8  3  0  1  7  0  0  1  0  1  4  1  1  0  0  0  2]
[ 0  5  0  0  1 37  8  0  0  3  4  1  0  4  1  9  3  0 12  1  4  0  0  0  1
  0  0 17  0  0  0  0  0  0  0  8  1  1 22  0  0  5]
[ 0  0  0  0  0  0 23  0  0  0  1  0  0  0  0  1  0  2  1  0  0  0  0  0  0
  0  0  0  0  2  0  0  0  0  0  0  1  0  2  0  0  0]
[ 6  0  3  3  3  0  5 10  1  9  6 13  2  2 11  9  5  4  4  1  0  1  1  1  1
 11  2  1  2  8  2  4  3  0  3  1  0  2  3  1  0  3]
[ 7  3  1  6  5  0  5  0  7 11  1  9  5 11  9 18  6 16  5  4  1  1  7 10  3
 13 16  3 12 15  4  3  8  0  5  6  7  2  4  0  2  4]
[ 1  1  2  0  0  0  0  0  0 29  0  3  0  1  0  3  0  0  1  2  0  0  0  2  1
  8  0  1  1  0  1  1  1  0  0  0  0  0  0  0  0  0]
[ 4  0  0  0  0  1  0  0  0  0 42  2  0  0  0  2  5  0  0  0  1  0  1  0  0
  2  1  2  2  0  0  1  0  0  0  3  1  0  0  0  0  3]
[ 6  1  1  4  1  0  0  0  0  4  0 41  2 10  9  9  2  7  0  1  0  0  2  0  1
 14  7  1  3 18  1  0  6  0  6  1  1  0  0  0  0  1]
[ 4  0  5  0  0  0  1  0  0  1  1  2 47  5  0  0  0  3  1  0  1  0  2  0  0
  8  3  0  1  6  0  1  0  2  0  1  2  0  0  0  0  0]
[ 0  1  1  0  1  0  0  0  0  2  0  1  0 26  1  3  0  3  1  0  0  1  1  0  0
  3  2  1  1  6  0  0  3  0  2  0  1  1  0  0  0  0]
[ 0  0  3  1  1  0  0  0  0  5  1  1  2  2 19  2  1  2  1  0  0  0  2  3  0
 13  1  1  0  1  0  3  2  0  6  0  0  2  2  0  0  1]
[ 0  0  0  2  0  0  0  0  0  2  0  0  0  2  0 17  0  0  0  0  0  0  1  0  0
  0  0  0  1  1  0  0  1  2  0  0  0  0  0  0  0  0]
[ 1  0  1  0  0  4  1  0  0  0  0  1  2  1  0  2 10  0  3  1  0  0  1  0  0
  0  0  0  0  1  0  0  0  0  0  0  0  0  1  0  0  0]
[ 1  0  1  0  0  0  2  0  0  0  2  0  1  3  2  4  2 27  0  5  0  1  1  0  1
  3  4  0  1  3  0  1  0  0  1  0  1  0  0  0  0  2]
[ 0  2  0  0  0  0  0  0  0  1  2  3  4  6  2  0  1  1 26  0  0  0  0  0  0
  1  1  0  0  0  0  1  0  0  0  0  0  0  5  0  1  0]
[0 0 1 0 1 0 7 0 0 2 0 0 1 1 0 1 0 2 1 8 0 0 1 0 0 2 9 0 2 1 0 0 1 0 0 4 0
 0 1 0 0 0]
[ 1  5  0  1  1  7  4  0  0  3 14  1  5  0  1  0  3  0  1  1 27  0  1  0  0
  2  0  5  0  1  0  0  1  1  0 11  0  0  9  0  0  4]
[15  1  8  5  8  7 14  3  1 18 28  9 13 30  8 29 23 27 16 14  4 12 44  8  6
 17 24  9 13 24  7  5 13  0  6  9  5  3 10  0  0 20]
[ 1  0  1  0  1  0  0  0  0  3  0  1  1  2  0  2  3  0  1  0  0  0 16  0  0
  3  2  3  3  2  0  0  0  0  0  0  0  0  0  0  0  0]
[ 2  4  2  0  2  0  6  1  1  9  5  4  5  3 12  8  1 13  7  2  0  0  8 17  2
 13  2  2  1 14  0  3  7  0  2  5  1  0  1  0  0  0]
[ 0  2  1  1  0  1  4  0  1  4  9  0  2  5  1  5  8  6  8  2  7  0  1  1  8
  3  9 13  3  5  0  2  1  2  1  4  1  2 17  0  0  8]
[ 3  0  0  1  0  0  1  1  0  4  0  2  4  0  5  1  0  0  2  0  0  0  0  0  0
 29  0  0  1  5  0  2  1  0  0  0  0  0  0  0  0  0]
[ 15   1   4   5   4   2  25   0   1  10   3  27  11  22   7  16  19  26
  25  24   0   0  17  11   1  16 164   3  13  22   0   2  15   4  11   4
  19   1   2   1   1   4]
[ 1  7  0  0  2 22 10  0  0  3 12  2  0  3  1  7  1  1 11  0  3  0  1  0  2
  1  6 43  1  0  0  0  0  0  0 10  3  0  9  0  1 13]
[ 1  0  0  2  0  0  0  0  0  0  0  2  0  0  1  2  1  0  1  0  0  0  1  0  0
  2  0  1 14  0  0  2  0  0  0  1  0  0  1  0  0  0]
[ 0  0  0  0  0  0  1  0  0  0  0  1  1  0  0  0  1  1  0  0  0  0  0  0  0
  2  1  0  0 20  0  0  0  0  0  0  0  0  0  0  0  0]
[ 0  2  0  1  1  1  3  0  0  2  7  5  0  4  3  6  2 15  2  1  0  3  2  2  5
  0 10  0  2  0  6  1  3  1  0  0  3  1  2  0  0  2]
[13 17 16 15 14  5  5  6  0 40 24 16 12 32 97 57  9 26 61  5  4  4  8 14  8
 67 11 16 31 35 13 45 10  2 17 35  7  0 22  0  2 22]
[ 2  0  0  1  0  0  0  1  0  0  5  1  2  0  1  1  0  0  0  0  0  0  2  0  0
  1  1  0  0  5  0  0 23  1  1  4  1  0  1  0  0  0]
[ 18  42  20  30  28  18 132   9   5  49  91  52  27 148  54 153  75 120
  99 138  12  12  72  37  95  45 238  44  40  95  10  39  27  41  31 110
  57  10  82   5   6  67]
[ 5  4  3  5  1  0  4  2  0  8  0 13 13 20 14  8  2  2  2  3  0  0  6  6  1
 14  4  1  5 38  0  3  7  2 38  2  2  1  0  1  1  2]
[ 0  4  0  0  1  1  0  0  0  0  1  4  1  1  0  1  3  0  0  1  0  0  0  0  1
  1  0  6  0  0  0  0  1  1  0 30  0  3  3  0  0  2]
[ 2 17  1  3  4 21 48  0  0  7 15  9  6 12 11 25 18  3 41 30  6  0  3  5 15
 10 45 16 21 10  2  3  4  3  1 34 52  4 28  1  2 13]
[ 0  1  0  1  1  2 11  0  0  0  3  7  4  5  0  8  7  4  8  4  0  0  1  0  1
  2 12  1  2  1  0  0  0  0  0  0  6  7  5  0  0  3]
[ 0  1  0  0  0  0  0  0  0  0  0  0  0  0  0  0  0  0  0  0  0  0  0  0  0
  0  0  1  0  0  0  0  0  0  0  2  0  0 16  0  0  0]
[16  2  0  4  3  0  3  1  0  8  2 11  7 40 13 17  7 28 16  3  1  2 16  3  0
 15  8  3 11 34  0  2  7  0 11  2  3  0  3  6  2  5]
[  0   0   0   0   0   0   0   0   0   0   0   0   0   3   0   0   0   0
   0   0   0   0   0   0   0   0   0   0   0   0   0   0   0   0   0   0
   0   0   0   0 801   0]
[ 0  1  1  1  0  1  0  0  0  0  5  0  0  1  0  6  0  0  0  0  3  0  0  0  0
  0  0  4  4  0  0  0  0  0  2  2  0  0  0  0  0 37]
Converted 2 variables to const ops.
