[100  32   3  30  15  17   9   6  46  14   0]
[ 37 218  24  32  25  25  28  20  44  33   0]
[150 186 569 205 102 322 231 167 269 173   4]
[ 3  7  2 97 11  6  2  3 22 12  0]
[ 17   9   2  16 120  14   0   2  20  21   0]
[ 16  10  31  32  22 277  49  18  39  30   0]
[ 21  18  40  27   7  75 230  53  32  17   1]
[  1   5   5   4   1   4   5 135  10   2   0]
[ 75  40  24  73  78  27  31  39 437  55   0]
[ 39  12   4  29  49  26  15  21  48 130   0]
[  0   0   0   0   3   0   0   0   0   0 817]
Converted 2 variables to const ops.
