[26  0  1 12  1  0  4  0  0  1  0  2  4  4  2  0  2  0 16  3  0  2  1  2  0
 10  3  0  0  0  6]
[ 1 34 20  0 13  2  3  4  5  2 22 15  0  8 12  4 11  7  1 16 12  8 13  3  7
 11  3  4  1  0  5]
[ 0  1 51  0  6  7  0  6  1  0  3  8  0  6  1  1  3  4  1  1  2  1  7  1  3
  2  5  3  1  0  3]
[ 8  0  2 63  0  2  3  0  0  1  0  5  4 14  0  0  0  1 21  2  1  0  2  3  1
 10  2  5  0  0  7]
[ 1  7  6  0 33  4  0  3  0  4  2  5  2  1  8  5  5  5  2  7  3  1 18  1  7
  2  1  3  0  0  3]
[ 2  0  2  0  2 35  1  4  0  2  0  2  1  0  0  1  3  0  2  5  0  2  0  1  2
  0  0  1  0  0  0]
[ 0  0  0  2  0  0 42  0  0  0  5  1  3  2  2  0  0  0  1  2  0  0  0  1  0
  4  1  1  0  0  3]
[ 0  0 13  1  5  3  0 47  4  7  4  0  0  0  2  1  8  6  0  3  5  1  8  6  9
  0  1  2  2  0  1]
[ 0  0  0  0  0  0  0  1 58  1  5  0  0  0  0  0  6  0  0  3  0  0  0  0  3
  0  3  1  0  0  0]
[ 0  0  3  0  2  5  0  1  0 43  1  4  0  0  1  4  9  1  0  4  0  1  2  1  4
  1  1  0  0  0  0]
[ 0  1  0  0  2  0  0  0  0  3 34  2  0  2  0  2  0  1  0  0  7  0  1  1  1
  1  0  1  0  0  1]
[ 1  0  6  2  0  2  0  0  0  0  1 32  1  1  0  1  3  0  1  6  1  2  0  0  2
  4  4  2  0  0  0]
[ 1  4  8  7  2  6  3  3  1  1  2 12 31 12  2  0  3  5  9  1  1  2  0  6  3
  3  6  6  0  0  3]
[ 3  0  2  8  0  1  1  1  0  1  0  0  1 85  1  1  0  0  5  0  0  0  0  0  0
  4  2  2  0  0  0]
[  6  14  21  13  12  21  12   6   8   9  19  14   5   7 124   9   9  15
   8  25  16   6  13  14  16  10  14  13   2   0  26]
[ 0  2  4  1  3  4  3  8  5 16  7 13  0  1  5 45 14  6  1  7  1  8 10  5  5
  6  0  1  0  0  1]
[ 0  0  2  0  2  2  0  1  2  0  0  1  0  0  0  1 42  1  0  1  0  3  3  1  3
  0  0  0  0  0  0]
[  3   1  11   5   4   7   0  28  10   8  40  23   8   2   6   9   7 205
   2  10   9  10  12  25  23   6  22  28   2   0   2]
[10  0  2 22  0  5  4  0  0  0  1  4  6  5  0  3  4  5 79  2  0  2  4  1  1
  7  1  1  0  0 14]
[ 0  0  1  0  2  2  1  2  1  2  0  1  0  0  2  0  6  1  0 43  0  0  2  1  2
  0  2  6  1  0  1]
[ 1  3  2  0  2  1  3  1  0  4  7  3  0  1  9  4  1  9  3  3 27  1  6  8  3
  2  5  0  0  0  0]
[ 12  32  41   7  26  29  10  23  18  88  21  55  15  13  20  32  59  10
  17  45  11 116  20  13  57  25  19   8   6   1  25]
[ 0  1  1  0  3  0  1  4  2  1  0  1  0  0  0  0  1  0  0  2  1  0 48  1  2
  0  0  0  0  0  0]
[ 33  35 101  47  46  42  49  39  35  50 134 121 111  56  91  64  44 227
  38  95  48  46  41 365  64 145 110  87  16   2  58]
[  1   4  15   0   7   7   0   9   7  17   2   5   0   1   4   8  13   6
   0  19   2   2   9   2 101   6   1   5   4   0   4]
[ 2  0  2  1  0  0  0  0  0  1  0  4  0  5  0  0  1  0  3  2  0  0  1  3  0
 48  2  2  0  0  2]
[ 15   8  21  33   3  10   3   1   6   7  12  37  26  11   9   8   7  53
  23   7   2   7  10  22   5  36 120  30   3   1   5]
[ 1  0  3  0  3  2  0  2  3  2  5  6  1  3  2  0  1  9  2  4  1  2  1  3  1
  2  6 34  1  0  0]
[ 2 15 13  1 10  3  4 14  9  9 28 19  1  2 17  9  6 14  4 33  6  5  6  3 41
  3  7  5 23  0  2]
[  0   0   0   0   0   0   0   0   0   0   0   0   0   0   0   0   0   0
   0   7   0   0   0   0   0   0   0   0   0 834   0]
[ 2  0  0  3  1  2  1  0  1  0  0  0  0  2  2  2  0  0  3  3  1  0  1  0  5
  1  0  0  0  0 33]
Converted 2 variables to const ops.
