[84 34  8 25 23 14 16  8 45 14  1]
[ 35 186  42  32  28  26  44  37  29  27   0]
[142 181 670 123 127 260 279 243 235 110   8]
[ 7 15  6 62 17  7  8  5 30  7  1]
[ 17  12   7  12 119  12   4   1  19  18   0]
[ 32  10  62  26  31 217  69  23  35  19   0]
[ 12  13  65  14  11  49 223  83  38  12   1]
[  3   6   9   1   2   6  11 126   7   1   0]
[ 91  47  53  51  89  31  54  66 360  37   0]
[47 17 15 26 71 25 18 30 35 89  0]
[  0   0   0   0   4   0   0   0   0   0 816]
Converted 2 variables to const ops.
